0 bird 0.919613 0.255075 4.746068
0 person 4.541486 0.419910 9.135290
0 person -0.263937 0.555953 7.941134
0 car -9.148317 -0.154532 43.704803
1 bird 0.926325 0.255075 4.746068
1 person 4.761131 0.394069 9.135290
1 person -0.174314 0.596042 7.951529
1 car -9.148317 -0.123626 43.704803
1 car -6.515126 0.113801 40.231575
2 bird 0.926325 0.248363 4.746068
2 person 4.844289 0.412829 9.121573
2 person -0.170928 0.581157 8.056987
2 car -9.148317 -0.154532 43.704803
2 car -6.444000 0.113053 39.966892
3 bird 0.926325 0.258431 4.746068
3 person 4.902419 0.421302 9.026698
3 person -0.063869 0.339512 4.753496
3 car -9.148317 -0.092719 43.704803
3 car -6.220831 0.111584 39.447842
3 traffic light 5.416998 -1.587501 9.845977
4 bird 0.922969 0.268500 4.746068
4 person 5.203427 0.399776 8.973365
4 car -9.245740 0.000000 44.021507
4 car -6.514197 0.252706 39.705673
4 traffic light 5.432766 -1.555208 9.861960
5 bird 0.926325 0.258431 4.746068
5 person 5.415871 0.417579 8.946934
5 bicycle 4.542897 0.806529 11.637869
5 car -9.113658 0.061371 43.392628
5 traffic light 5.425792 -1.555208 9.861960
5 car -6.528790 0.310895 39.966892
6 person 5.547689 0.389974 8.894535
6 bird 0.926325 0.255075 4.746068
6 bicycle 4.756874 0.666621 11.637869
6 car -9.245740 0.000000 44.021507
6 traffic light 5.439740 -1.562182 9.861960
6 car -6.429961 0.252706 39.705673
7 bird 0.926325 0.261788 4.746068
7 person 5.639683 0.391119 8.920657
7 bicycle 4.954391 0.674851 11.637869
7 car -9.179223 0.000000 43.704803
7 person 4.872092 0.419724 11.637869
7 traffic light 5.432766 -1.562182 9.861960
7 car -6.500526 0.282632 39.966892
7 person 4.616352 0.246424 11.615617
8 bird 0.929681 0.265144 4.746068
8 person 5.776082 0.332391 8.868567
8 bicycle 5.246077 0.760062 11.682631
8 car -9.148317 0.000000 43.704803
8 person 5.211271 0.445267 11.660207
8 traffic light 5.439740 -1.569156 9.861960
8 car -6.472263 0.254368 39.966892
9 bird 0.926325 0.258431 4.746068
9 person 6.001857 0.338663 8.868567
9 bicycle 5.634370 0.611354 11.682631
9 person 5.560016 0.380031 11.682631
9 car -9.245740 0.000000 44.021507
9 traffic light 5.439740 -1.576130 9.861960
9 car -6.458040 0.252706 39.705673
10 person 6.293263 0.345439 8.881532
10 bird 0.926325 0.258431 4.746068
10 bicycle 6.011102 0.610180 11.660207
10 car -9.179223 0.000000 43.704803
10 traffic light 5.423961 -1.566613 9.845977
10 car -6.458040 0.252706 39.705673
10 person 5.928645 0.412284 11.660207
11 person 6.368632 0.288912 8.881532
11 bird 0.929681 0.258431 4.746068
11 bicycle 6.460523 0.537000 11.682631
11 car -9.245740 0.000000 44.021507
11 car -6.458040 0.252706 39.705673
11 traffic light 5.439740 -1.576130 9.861960
12 bird 0.929681 0.258431 4.746068
12 person 6.578838 0.282219 8.868567
12 bicycle 6.871938 0.531807 11.750422
12 car 14.165785 -0.418585 31.153681
12 car -9.245740 0.000000 44.021507
12 traffic light 5.425792 -1.576130 9.861960
12 car -6.458040 0.252706 39.705673
13 bird 0.926325 0.258431 4.746068
13 person 6.668139 0.230365 8.804301
13 bicycle 7.318186 0.491209 11.773193
13 car 14.112249 -0.445181 31.476517
13 car -9.214609 0.000000 44.021507
13 car -6.458040 0.252706 39.705673
13 traffic light 5.432766 -1.576130 9.861960
14 bird 0.929681 0.255075 4.746068
14 person 6.893438 0.297558 8.766188
14 bicycle 7.809396 0.457907 11.773193
14 car -9.245740 0.000000 44.021507
14 car -6.458040 0.252706 39.705673
14 traffic light 5.430924 -1.573575 9.845977
14 person 7.406039 0.024880 11.727737
14 person 7.742791 0.341349 11.773193
15 bird 0.929681 0.255075 4.746068
15 person 7.005022 0.278961 8.766188
15 bicycle 8.123953 0.559984 11.819003
15 car -9.179223 0.000000 43.704803
15 person 7.992558 0.008326 11.773193
15 car -6.458040 0.252706 39.705673
15 traffic light 5.432766 -1.569156 9.861960
15 person 8.124862 0.333670 11.796054
16 bird 0.929681 0.251719 4.746068
16 person 7.101552 0.294332 8.855639
16 bicycle 8.533035 0.522259 11.911701
16 car -9.214609 0.000000 44.021507
16 traffic light 5.439740 -1.569156 9.861960
16 car -6.458040 0.252706 39.705673
16 car 12.616674 -0.384379 31.973515
16 person 8.432578 -0.016781 11.865171
17 bird 0.922969 0.258431 4.746068
17 person 7.285614 0.263789 8.881532
17 bicycle 8.991036 0.432996 12.005865
17 car -9.245740 0.000000 44.021507
17 person 8.862615 -0.076110 11.958598
17 car -6.458040 0.252706 39.705673
17 traffic light 5.425792 -1.562182 9.861960
17 car -22.467721 -1.527550 90.004456
18 bird 0.929681 0.255075 4.746068
18 bicycle 9.510749 0.552951 12.029639
18 car -9.214609 0.000000 44.021507
18 person 7.389369 0.291359 8.766188
18 car -6.429961 0.252706 39.705673
18 traffic light 5.425792 -1.562182 9.861960
19 bird 0.929681 0.261788 4.746068
19 motorcycle 9.723422 0.323263 12.029639
19 bicycle 9.731929 0.357291 12.029639
19 car -9.245740 0.000000 44.021507
19 person 9.755146 -0.016980 12.005865
19 car -6.429961 0.252706 39.705673
19 traffic light 5.425792 -1.562182 9.861960
20 bird 0.929681 0.261788 4.746068
20 bicycle 9.947286 0.400619 12.053508
20 car -9.214609 0.000000 44.021507
20 car -6.429961 0.252706 39.705673
20 traffic light 5.418818 -1.562182 9.861960
20 person 9.987137 -0.102083 12.029639
20 car -22.698269 -1.474746 90.671158
21 bird 0.936394 0.255075 4.746068
21 person -4.984548 0.642077 11.946851
21 bicycle 10.175187 0.479235 12.101529
21 car -9.179223 0.000000 43.704803
21 car -6.458040 0.252706 39.705673
21 traffic light 5.432766 -1.569156 9.861960
22 bird 0.926325 0.258431 4.746068
22 person -4.755689 0.551626 11.819003
22 person 3.206142 0.288322 8.154319
22 car -9.245740 0.000000 44.021507
22 car -6.429961 0.252706 39.705673
22 traffic light 5.418818 -1.569156 9.861960
23 bird 0.936394 0.255075 4.746068
23 person 3.264507 0.504412 8.014469
23 person -4.626462 0.561785 11.682631
23 car -9.214609 0.000000 44.021507
23 car -6.458040 0.252706 39.705673
23 traffic light 5.418818 -1.569156 9.861960
23 car -22.364471 -1.389882 89.337761
24 bird 0.933038 0.255075 4.746068
24 person 3.274218 0.502423 7.982875
24 person -4.494277 0.553523 11.682631
24 car -9.245740 0.000000 44.021507
24 car -6.429961 0.252706 39.705673
24 traffic light 5.425792 -1.576130 9.861960
25 bird 0.933038 0.255075 4.746068
25 person 3.264284 0.473575 7.972399
25 person -4.353720 0.593689 11.660207
25 car -9.245740 0.000000 44.021507
25 car -6.429961 0.252706 39.705673
25 traffic light 5.425792 -1.569156 9.861960
26 bird 0.929681 0.255075 4.746068
26 person -4.189011 0.584322 11.637869
26 person 3.423287 0.422280 7.961950
26 person -4.657346 0.473764 11.355080
26 car -9.179223 0.000000 43.704803
26 person 3.265439 0.485322 8.472758
26 car -6.429961 0.252706 39.705673
26 traffic light 5.425792 -1.576130 9.861960
26 car -22.427648 -1.326706 89.337761
27 bird 0.936394 0.255075 4.746068
27 person -4.049103 0.625471 11.637869
27 person 3.602375 0.447500 7.910114
27 person 3.360000 0.528000 8.484591
27 car -9.179223 0.000000 43.704803
27 car -6.458040 0.252706 39.705673
27 traffic light 5.425792 -1.569156 9.861960
27 person -4.460929 0.565470 11.105974
28 bird 0.939750 0.255075 4.746068
28 person 3.852361 0.477333 7.941134
28 person 3.440390 0.556446 8.460958
28 person -3.893507 0.689989 11.615617
28 fire hydrant -4.296000 1.215265 10.945888
28 car -9.179223 0.000000 43.704803
28 car -6.429961 0.252706 39.705673
28 traffic light 5.418818 -1.555208 9.861960
29 bird 0.939750 0.255075 4.746068
29 person 3.900836 0.485488 7.982875
29 person 3.499113 0.575197 8.472758
29 person -3.762080 0.673560 11.615617
29 car -9.179223 0.000000 43.704803
29 car -6.429961 0.252706 39.705673
29 traffic light 5.418818 -1.562182 9.861960
30 bird 0.929681 0.251719 4.746068
30 person 3.972950 0.453404 8.014469
30 person -3.599130 0.557496 11.593450
30 person 3.731047 0.500219 8.321874
30 car -9.214609 0.000000 44.021507
30 car -6.458040 0.252706 39.705673
30 traffic light 5.418818 -1.555208 9.861960
31 bird 0.929681 0.255075 4.746068
31 person 4.106307 0.440758 7.889568
31 person -3.392444 0.616061 11.615617
31 person 3.938497 0.482630 8.425753
31 car -9.214609 0.000000 44.021507
31 car -6.401883 0.252706 39.705673
31 traffic light 5.425792 -1.562182 9.861960
31 person -3.759000 0.560348 11.005377
32 bird 0.929681 0.251719 4.746068
32 person -3.326730 0.681774 11.615617
32 person 4.117248 0.458796 8.425753
32 person 4.257097 0.444605 7.858949
32 car -9.179223 0.000000 43.704803
32 traffic light 5.425792 -1.555208 9.861960
32 car -6.429961 0.252706 39.705673
32 person -3.682286 0.567103 10.985476
33 bird 0.929681 0.251719 4.746068
33 person 4.462727 0.444605 7.858949
33 person 4.218648 0.511712 8.414083
33 person -3.310164 0.657224 11.333895
33 car -9.245740 0.031130 44.021507
33 car -6.458040 0.252706 39.705673
33 traffic light 5.425792 -1.562182 9.861960
34 bird 0.929681 0.251719 4.746068
34 person 4.697704 0.474234 7.889568
34 person 4.349330 0.515520 8.379266
34 person -3.165060 0.644007 11.105974
34 car -9.148317 0.000000 43.704803
34 car -6.429961 0.252706 39.705673
34 traffic light 5.432766 -1.555208 9.861960
35 bird 0.926325 0.251719 4.746068
35 person 4.707793 0.456311 7.869129
35 person 4.526777 0.485223 8.367724
35 person -2.916023 0.698203 11.615617
35 car -9.183479 0.000000 44.021507
35 person -3.208405 0.675863 10.985476
35 car -6.429961 0.252706 39.705673
35 traffic light 5.432766 -1.555208 9.861960
36 bird 0.926325 0.251719 4.746068
36 person 4.738887 0.415206 7.828567
36 person -2.773471 0.641931 11.637869
36 person 4.698935 0.402935 8.379266
36 car -9.214609 0.000000 44.021507
36 person -3.018175 0.627153 11.085708
36 traffic light 5.432766 -1.569156 9.861960
36 car -6.429961 0.252706 39.705673
37 bird 0.926325 0.255075 4.746068
37 person 4.905488 0.443802 8.367724
37 person 4.995477 0.391046 7.788420
37 person -2.634880 0.638263 11.571367
37 person -2.913201 0.590409 10.985476
37 car -8.962878 0.000000 43.704803
37 traffic light 5.432766 -1.569156 9.861960
37 person 13.999906 -0.758118 35.735104
37 car -6.401883 0.252706 39.705673
38 bird 0.929681 0.251719 4.746068
38 person 5.166216 0.380031 7.788420
38 person 4.964661 0.449719 8.367724
38 person -2.606293 0.685447 11.270812
38 traffic light 5.418818 -1.569156 9.861960
38 person 13.999906 -0.758118 35.735104
39 bird 0.929681 0.251719 4.746068
39 person 5.443071 0.391548 7.798418
39 person 5.027737 0.430780 8.344736
39 person -2.598132 0.639662 11.167220
39 traffic light 5.425792 -1.562182 9.861960
39 car -6.555584 0.278961 39.447842
40 bird 0.929681 0.251719 4.746068
40 person 5.478638 0.346540 7.778448
40 person 5.230942 0.396463 8.367724
40 person -2.424000 0.624000 11.312789
40 traffic light 5.418818 -1.569156 9.861960
40 car -6.374710 0.388026 39.193340
40 person 14.082746 -0.762604 35.946556
41 bird 0.929681 0.248363 4.746068
41 person -2.083640 0.619461 11.376344
41 person 5.498218 0.358460 7.798418
41 person 5.406933 0.401827 8.356215
41 skateboard -1.863706 1.437265 11.167220
41 traffic light 5.418818 -1.569156 9.861960
41 person 13.999906 -0.758118 35.735104
42 bird 0.929681 0.248363 4.746068
42 person -1.912876 0.677477 11.270812
42 person 5.607846 0.390008 8.356215
42 person 5.617428 0.309965 7.689833
42 traffic light 5.427629 -1.571707 9.877996
43 bird 0.929681 0.251719 4.746068
43 person 5.777379 0.414786 8.379266
43 person -1.857942 0.666350 11.085708
43 person 5.762138 0.323413 7.622293
43 traffic light 5.432766 -1.576130 9.861960
43 car -2.359664 0.015679 11.085708
43 skateboard -1.740152 1.483790 10.985476
44 bird 0.929681 0.251719 4.746068
44 person 5.895890 0.432563 8.379266
44 person -1.740553 0.609193 11.187786
44 person 6.003593 0.318823 7.641469
44 car -8.860500 0.029833 42.187275
44 skateboard -1.606127 1.465786 11.025350
44 traffic light 5.418818 -1.569156 9.861960
44 backpack 5.729797 -0.021561 7.622293
45 bird 0.929681 0.251719 4.746068
45 person 6.102578 0.322603 7.603214
45 person 5.977560 0.445643 8.402445
45 person -1.633124 0.571191 11.376344
45 car -9.250511 -0.031358 44.342831
45 skateboard -1.405964 1.468451 11.045396
45 traffic light 5.418818 -1.576130 9.861960
45 car -11.499726 -0.751403 46.198143
46 bird 0.929681 0.251719 4.746068
46 person 6.110226 0.333774 7.612741
46 person -1.394387 0.604503 11.397688
46 person 6.167701 0.344631 8.402445
46 car -9.148317 -0.030906 43.704803
46 skateboard -1.220721 1.471126 11.065516
46 traffic light 5.418818 -1.569156 9.861960
46 backpack 6.027304 -0.032260 7.603214
46 car -21.915828 -1.369739 88.043015
47 bird 0.929681 0.251719 4.746068
47 person 6.349323 0.289950 8.367724
47 person -1.194224 0.673254 11.333895
47 person 6.193355 0.339583 7.622293
47 car -9.148317 -0.030906 43.704803
47 car -7.070500 0.238667 42.187275
47 traffic light 5.418818 -1.569156 9.861960
47 car -22.698269 -1.538866 90.671158
48 bird 0.929681 0.251719 4.746068
48 person 6.488564 0.303037 8.402445
48 person -1.243369 0.613714 11.270812
48 person 6.338891 0.350364 7.622293
48 car -9.214609 -0.031130 44.021507
48 car -7.007660 0.243745 43.084877
48 traffic light 5.418818 -1.569156 9.861960
48 backpack 6.344531 -0.043014 7.603214
49 bird 0.926325 0.248363 4.746068
49 person 6.705083 0.296685 8.390840
49 person -1.169467 0.612578 11.249940
49 car -9.214609 -0.031130 44.021507
49 car -6.879609 0.270378 42.482292
49 backpack 6.390434 -0.064279 7.574773
49 traffic light 5.418818 -1.562182 9.861960
50 person 6.711017 0.332287 8.390840
50 bird 0.933038 0.251719 4.746068
50 person -0.937746 0.585090 11.333895
50 car -9.148317 -0.030906 43.704803
50 car -6.557053 0.254368 39.966892
50 traffic light 5.418818 -1.562182 9.861960
51 bird 0.929681 0.255075 4.746068
51 person 6.819900 0.322200 8.437455
51 person -0.600176 0.631765 11.167220
51 car -9.179223 0.000000 43.704803
51 traffic light 5.418818 -1.576130 9.861960
51 car -6.514197 0.252706 39.705673
52 bird 0.929681 0.251719 4.746068
52 person 6.933792 0.259648 8.344736
52 person -0.570196 0.609251 11.045396
52 car -9.245740 0.000000 44.021507
52 car -6.585316 0.254368 39.966892
52 traffic light 5.418818 -1.569156 9.861960
53 bird 0.929681 0.255075 4.746068
53 person 7.061918 0.300132 8.321874
53 person -0.542901 0.676659 11.126314
53 car -9.214609 0.000000 44.021507
53 car -6.486118 0.252706 39.705673
53 traffic light 5.418818 -1.569156 9.861960
54 bird 0.936394 0.251719 4.746068
54 person -0.441424 0.575428 11.146729
54 car -9.214609 0.000000 44.021507
54 traffic light 5.425792 -1.576130 9.861960
54 car -6.514197 0.252706 39.705673
55 bird 0.929681 0.255075 4.746068
55 car -9.214609 0.000000 44.021507
55 car -6.528790 0.254368 39.966892
55 traffic light 5.425792 -1.576130 9.861960
56 bird 0.926325 0.251719 4.746068
56 car -9.214609 0.000000 44.021507
56 car -6.486118 0.252706 39.705673
56 traffic light 5.432766 -1.569156 9.861960
57 bird 0.926325 0.251719 4.746068
57 car -9.148317 0.000000 43.704803
57 car -6.486118 0.252706 39.705673
57 traffic light 5.425792 -1.562182 9.861960
57 person -0.073722 0.247975 4.738665
58 bird 0.922969 0.251719 4.746068
58 person -0.057056 0.245006 4.746068
58 car -9.148317 0.000000 43.704803
58 car -6.486118 0.252706 39.705673
58 traffic light 5.425792 -1.569156 9.861960
59 bird 0.926325 0.255075 4.746068
59 car -9.245740 0.000000 44.021507
59 car -6.514197 0.252706 39.705673
59 traffic light 5.418818 -1.569156 9.861960
60 bird 0.933038 0.255075 4.746068
60 car -9.214609 0.000000 44.021507
60 car -6.486118 0.252706 39.705673
60 traffic light 5.418818 -1.569156 9.861960
61 bird 0.933038 0.255075 4.746068
61 car -9.214609 -0.031130 44.021507
61 car -6.444000 0.251065 39.447842
61 traffic light 5.418818 -1.576130 9.861960
62 bird 0.933038 0.255075 4.746068
62 car -9.148317 0.000000 43.704803
62 car -6.486118 0.252706 39.705673
62 traffic light 5.418818 -1.569156 9.861960
63 bird 0.929681 0.255075 4.746068
63 car -9.214609 0.000000 44.021507
63 car -6.486118 0.252706 39.705673
63 traffic light 5.418818 -1.562182 9.861960
64 bird 0.929681 0.255075 4.746068
64 car -9.179223 0.000000 43.704803
64 car -6.486118 0.252706 39.705673
64 traffic light 5.425792 -1.569156 9.861960
65 bird 0.933038 0.255075 4.746068
65 car -9.148317 0.000000 43.704803
65 car -6.486118 0.252706 39.705673
65 traffic light 5.432766 -1.562182 9.861960
66 bird 0.929681 0.255075 4.746068
66 car -9.148317 0.000000 43.704803
66 car -6.458040 0.280784 39.705673
66 traffic light 5.425792 -1.569156 9.861960
67 bird 0.933038 0.255075 4.746068
67 car -9.113658 0.000000 43.392628
67 car -6.458040 0.280784 39.705673
67 traffic light 5.432766 -1.569156 9.861960
68 bird 0.929681 0.255075 4.746068
68 car -9.179223 0.000000 43.704803
68 car -6.500526 0.282632 39.966892
68 traffic light 5.432766 -1.569156 9.861960
69 bird 0.933038 0.255075 4.746068
69 car -9.113658 0.030686 43.392628
69 car -6.444000 0.278961 39.447842
69 traffic light 5.425792 -1.569156 9.861960
70 bird 0.929681 0.255075 4.746068
70 car -9.113658 0.061371 43.392628
70 car -6.458040 0.308863 39.705673
70 traffic light 5.418818 -1.569156 9.861960
71 bird 0.929681 0.255075 4.746068
71 car -9.079489 0.060936 43.084877
71 car -6.486118 0.280784 39.705673
71 traffic light 5.432766 -1.569156 9.861960
72 bird 0.933038 0.255075 4.746068
72 car -9.144343 0.092057 43.392628
72 car -6.542275 0.280784 39.705673
72 traffic light 5.425792 -1.569156 9.861960
73 bird 0.929681 0.255075 4.746068
73 car -9.109958 0.091404 43.084877
73 car -6.542275 0.280784 39.705673
73 traffic light 5.432766 -1.569156 9.861960
74 bird 0.929681 0.255075 4.746068
74 car -9.045803 0.090761 42.781464
74 car -6.542275 0.280784 39.705673
74 traffic light 5.425792 -1.569156 9.861960
75 bird 0.929681 0.255075 4.746068
75 car -9.045803 0.090761 42.781464
75 car -6.598432 0.252706 39.705673
75 traffic light 5.432766 -1.569156 9.861960
76 bird 0.933038 0.255075 4.746068
76 car -8.982546 0.090126 42.482292
76 car -6.570353 0.252706 39.705673
76 traffic light 5.425792 -1.569156 9.861960
77 bird 0.933038 0.255075 4.746068
77 car -9.042630 0.090126 42.482292
77 car -6.499792 0.278961 39.447842
77 traffic light 5.418818 -1.569156 9.861960
78 bird 0.933038 0.255075 4.746068
78 car -8.917903 0.029628 41.896328
78 car -6.542275 0.280784 39.705673
78 traffic light 5.425792 -1.569156 9.861960
79 bird 0.929681 0.255075 4.746068
79 car -8.856822 0.029425 41.609367
79 car -6.542275 0.280784 39.705673
79 traffic light 5.425792 -1.562182 9.861960
80 bird 0.933038 0.255075 4.746068
80 car -8.825797 0.087673 41.326313
80 traffic light 5.434615 -1.571707 9.877996
80 car -6.626510 0.280784 39.705673
81 bird 0.929681 0.255075 4.746068
81 car -8.707329 0.057664 40.771595
81 car -6.570353 0.280784 39.705673
81 traffic light 5.425792 -1.569156 9.861960
82 bird 0.929681 0.255075 4.746068
82 car -8.677921 0.085920 40.499786
82 car -6.570353 0.280784 39.705673
82 traffic light 5.425792 -1.562182 9.861960
83 bird 0.929681 0.255075 4.746068
83 car -8.763841 0.085920 40.499786
83 traffic light 5.418818 -1.569156 9.861960
83 car -6.499792 0.306857 39.447842
84 bird 0.929681 0.255075 4.746068
84 car -8.705053 0.113053 39.966892
84 traffic light 5.441600 -1.571707 9.877996
84 car -6.527688 0.278961 39.447842
85 bird 0.933038 0.255075 4.746068
85 car -8.564104 0.083688 39.447842
85 traffic light 5.425792 -1.569156 9.861960
85 car -6.568723 0.304877 39.193340
86 bird 0.933038 0.255075 4.746068
86 car -8.481136 0.110865 39.193340
86 traffic light 5.432766 -1.569156 9.861960
86 car -6.485574 0.304877 39.193340
87 bird 0.933038 0.255075 4.746068
87 car -8.347291 0.108759 38.449162
87 traffic light 5.425792 -1.569156 9.861960
87 car -6.485574 0.304877 39.193340
88 bird 0.933038 0.255075 4.746068
88 car -8.269800 0.107400 37.968548
88 traffic light 5.425792 -1.569156 9.861960
88 car -6.457858 0.304877 39.193340
89 bird 0.936394 0.255075 4.746068
89 car -8.242950 0.080550 37.968548
89 traffic light 5.425792 -1.562182 9.861960
89 car -6.346994 0.304877 39.193340
90 bird 0.936394 0.255075 4.746068
90 person 4.464000 0.328000 11.312789
90 traffic light 5.425792 -1.562182 9.861960
90 car -8.167704 0.106074 37.499802
90 car -6.306308 0.302923 38.942101
91 bird 0.933038 0.255075 4.746068
91 person 4.529741 0.435242 11.397688
91 traffic light 5.425792 -1.569156 9.861960
91 car -8.019200 0.130182 36.817986
91 truck -8.045236 0.104145 36.817986
92 bird 0.936394 0.255075 4.746068
92 person 4.638376 0.489108 11.527453
92 car -7.897437 0.154347 36.377052
92 traffic light 5.439740 -1.569156 9.861960
92 car -6.346994 0.304877 39.193340
93 bird 0.933038 0.255075 4.746068
93 person 4.751637 0.447500 11.505621
93 car -7.803977 0.177941 35.946556
93 traffic light 5.439740 -1.569156 9.861960
93 car -6.319278 0.304877 39.193340
94 bird 0.933038 0.255075 4.746068
94 person 4.859544 0.481871 11.549369
94 car -7.687579 0.175860 35.526127
94 traffic light 5.439740 -1.569156 9.861960
94 car -6.319278 0.304877 39.193340
94 backpack 4.848461 0.181405 11.660207
95 bird 0.929681 0.255075 4.746068
95 person 5.064588 0.469243 11.440618
95 car -7.549041 0.198659 35.115421
95 traffic light 5.432766 -1.569156 9.861960
95 car -6.361385 0.302923 38.942101
95 backpack 4.922672 0.173159 11.660207
96 bird 0.929681 0.255075 4.746068
96 person 5.199137 0.447500 11.505621
96 car -7.456276 0.197517 34.913609
96 traffic light 5.439740 -1.562182 9.861960
96 car -6.348229 0.300994 38.694061
97 bird 0.929681 0.255075 4.746068
97 car -7.305628 0.194170 34.321854
97 person 5.330983 0.410707 11.615617
97 traffic light 5.439740 -1.562182 9.861960
97 backpack 5.201733 0.116333 11.750422
97 car -6.266140 0.246268 38.694061
97 handbag 5.537067 0.883067 11.249940
98 bird 0.929681 0.255075 4.746068
98 person 5.462409 0.394279 11.615617
98 car -7.152000 0.216000 33.938366
98 traffic light 5.432766 -1.562182 9.861960
98 backpack 5.309757 0.157880 11.750422
98 car -6.199291 0.271899 38.449162
98 car -8.918597 -0.577825 35.526127
99 bird 0.929681 0.255075 4.746068
99 person 5.640046 0.387547 11.660207
99 car -6.972197 0.234754 33.196545
99 traffic light 5.439740 -1.569156 9.861960
99 car -6.106264 0.243170 38.207344
99 backpack 5.436605 0.133209 11.773193
100 bird 0.929681 0.255075 4.746068
100 person 5.763731 0.387547 11.660207
100 car -6.827157 0.255438 32.837662
100 traffic light 5.439740 -1.569156 9.861960
100 car -6.090532 0.244709 38.449162
100 car -8.567865 -0.555101 34.129032
101 bird 0.929681 0.255075 4.746068
101 person 6.000508 0.310653 11.560368
101 car -6.698065 0.230968 32.661118
101 backpack 5.750288 0.066864 11.819003
101 traffic light 5.432766 -1.562182 9.861960
101 car -8.448000 -0.600000 33.938366
102 bird 0.929681 0.255075 4.746068
102 car -6.535405 0.137106 32.313660
102 person 6.118296 0.230879 11.660207
102 car -8.354652 -0.593370 33.563358
102 traffic light 5.432766 -1.569156 9.861960
102 backpack 5.897616 0.058392 11.796054
103 bird 0.929681 0.255075 4.746068
103 person 6.308983 0.327314 11.571367
103 car -6.398779 0.271326 31.973515
103 person 6.091594 0.335625 11.865171
103 traffic light 5.432766 -1.562182 9.861960
103 backpack 6.009385 0.050148 11.819003
103 car -24.528775 -1.801548 97.983353
104 bird 0.929681 0.255075 4.746068
104 car -6.341714 0.204571 32.142685
104 person 6.244186 0.241442 11.773193
104 traffic light 5.439740 -1.569156 9.861960
105 bird 0.929681 0.255075 4.746068
105 car -5.944970 0.195273 30.681656
105 person 6.356751 0.365617 11.750422
105 traffic light 5.425792 -1.569156 9.861960
106 bird 0.929681 0.255075 4.746068
106 car -5.713680 0.171840 30.374840
106 person 6.558391 0.262675 11.982185
106 traffic light 5.432766 -1.562182 9.861960
107 bird 0.933038 0.255075 4.746068
107 car -5.550773 0.170139 30.074099
107 traffic light 5.432766 -1.569156 9.861960
107 person 6.748407 0.325844 12.125684
108 bird 0.933038 0.255075 4.746068
108 car -5.343805 0.167649 29.633989
108 traffic light 5.432766 -1.569156 9.861960
108 person 6.713002 0.305136 11.355080
109 bird 0.929681 0.255075 4.746068
109 car -5.184115 0.206538 29.206575
109 person 7.011396 0.348543 11.462203
109 person 5.697331 0.346794 10.008184
109 traffic light 5.432766 -1.569156 9.861960
110 bird 0.933038 0.255075 4.746068
110 car -5.015426 0.246660 29.066832
110 person 7.231053 0.352534 11.593450
110 person 6.906332 0.351863 11.571367
110 traffic light 5.432766 -1.562182 9.861960
111 bird 0.933038 0.255075 4.746068
111 car -4.679211 0.221859 28.520975
111 person 7.355148 0.305090 11.660207
111 traffic light 5.441600 -1.571707 9.877996
112 bird 0.933038 0.255075 4.746068
112 car -4.375189 0.237567 27.995243
112 person 7.509739 0.272631 11.682631
112 traffic light 5.446714 -1.569156 9.861960
113 bird 0.929681 0.255075 4.746068
113 person 7.640093 0.289711 11.705140
113 car -4.216811 0.237567 27.995243
113 person 7.515848 0.258277 12.174284
113 traffic light 5.439740 -1.555208 9.861960
114 bird 0.929681 0.255075 4.746068
114 person 7.812418 0.306857 11.727737
114 car -4.001753 0.255014 27.739578
114 person 7.631617 0.265820 12.125684
114 traffic light 5.439740 -1.562182 9.861960
115 bird 0.933038 0.255075 4.746068
115 car -3.732272 0.213828 27.488543
115 person 7.958027 0.325328 11.796054
115 person 7.755229 0.258795 12.198730
115 traffic light 5.437887 -1.566613 9.845977
116 bird 0.933038 0.255075 4.746068
116 car -3.337072 0.230143 27.120392
116 person 8.149888 0.241911 11.796054
116 person 7.935067 0.250672 12.223275
116 traffic light 5.439740 -1.576130 9.861960
117 bird 0.933038 0.255075 4.746068
117 car -3.052421 0.226105 26.644596
117 person 8.356603 0.235397 11.888391
117 person 8.094293 0.209561 12.347495
117 traffic light 5.439740 -1.569156 9.861960
118 bird 0.933038 0.255075 4.746068
118 car -2.776454 0.225118 26.528244
118 person 8.439780 0.211417 11.958598
118 person 8.214234 0.245988 12.423247
118 traffic light 5.446714 -1.569156 9.861960
119 bird 0.933038 0.255075 4.746068
119 car -2.405026 0.238667 25.961401
119 person 8.583527 0.254201 11.982185
119 person 8.327902 0.211279 12.448705
119 traffic light 5.439740 -1.562182 9.861960
120 bird 0.933038 0.255075 4.746068
120 car -2.222069 0.240724 26.185205
120 person 8.770646 0.221180 12.029639
120 person 8.459951 0.202475 12.448705
120 traffic light 5.439740 -1.562182 9.861960
121 bird 0.936394 0.255075 4.746068
121 car -1.830470 0.224139 26.412903
121 person 8.618518 0.220988 12.499933
121 person 8.916549 0.204978 12.077471
121 traffic light 5.439740 -1.569156 9.861960
122 bird 0.933038 0.255075 4.746068
122 car -1.487077 0.238667 25.961401
122 person 8.804586 0.168297 12.525706
122 person 9.085402 0.187152 12.029639
122 traffic light 5.446714 -1.562182 9.861960
122 car -6.125265 0.249445 39.193340
123 bird 0.933038 0.255075 4.746068
123 car -1.365254 0.200237 25.741388
123 person 8.954420 0.167951 12.499933
123 person 9.172772 0.196437 12.077471
123 traffic light 5.439740 -1.569156 9.861960
124 bird 0.933038 0.255075 4.746068
124 car -1.160101 0.217519 25.632776
124 person 9.310853 0.179713 12.101529
124 person 9.051654 0.176790 12.499933
124 traffic light 5.439740 -1.569156 9.861960
124 car -6.137143 0.278961 39.447842
125 bird 0.933038 0.255075 4.746068
125 car -0.192056 0.037064 4.764680
125 person 9.205714 0.160099 12.577573
125 person 9.459792 0.171840 12.149936
125 traffic light 5.446714 -1.569156 9.861960
125 car -6.081351 0.278961 39.447842
125 person 9.678837 0.128367 12.101529
126 bird 0.936394 0.255075 4.746068
126 person 9.395825 0.160765 12.629870
126 person 9.668170 0.121503 12.272662
126 traffic light 5.432766 -1.569156 9.861960
126 car -6.081351 0.278961 39.447842
127 bird 0.933038 0.258431 4.746068
127 car -0.117561 0.036948 4.749779
127 person 9.792097 0.069571 12.297505
127 person 9.636973 0.089314 12.629870
127 traffic light 5.432766 -1.569156 9.861960
127 car -6.053455 0.278961 39.447842
128 bird 0.929681 0.255075 4.746068
128 person 9.896454 0.069571 12.297505
128 person 9.681761 0.009006 12.735782
128 traffic light 5.439740 -1.569156 9.861960
128 car -6.109247 0.278961 39.447842
129 bird 0.929681 0.255075 4.746068
129 person 9.833672 0.036253 12.816388
129 person 9.997805 0.104780 12.347495
129 car -0.033641 0.067283 4.757218
129 traffic light 5.448586 -1.571707 9.877996
129 person 9.914529 0.079884 12.551586
129 car -6.042116 0.277161 39.193340
130 bird 0.929681 0.255075 4.746068
130 person 10.149410 0.069996 12.372643
130 person 9.899874 0.054495 12.843484
130 traffic light 5.439740 -1.569156 9.861960
130 person 10.363992 0.095082 12.223275
130 car -6.042116 0.277161 39.193340
131 bird 0.929681 0.255075 4.746068
131 person 10.133453 0.027363 12.898021
131 person 10.279093 0.060874 12.297505
131 traffic light 5.425792 -1.555208 9.861960
131 car -6.042116 0.277161 39.193340
132 bird 0.929681 0.255075 4.746068
132 person 10.464392 0.069996 12.372643
132 person 10.323224 0.045800 12.953023
132 traffic light 5.439740 -1.569156 9.861960
132 car -5.986684 0.277161 39.193340
133 bird 0.929681 0.255075 4.746068
133 person 10.492154 -0.036718 12.980700
133 traffic light 5.432766 -1.562182 9.861960
133 person 10.559902 0.079067 12.423247
133 car -6.042116 0.277161 39.193340
134 bird 0.929681 0.255075 4.746068
134 person 10.569816 0.000000 13.008496
134 traffic light 5.425792 -1.569156 9.861960
134 car -6.053455 0.278961 39.447842
135 bird 0.929681 0.255075 4.746068
135 person 10.762998 0.018398 13.008496
135 traffic light 5.425792 -1.569156 9.861960
135 car -5.986684 0.277161 39.193340
136 bird 0.929681 0.255075 4.746068
136 person 10.864723 -0.009239 13.064446
136 traffic light 5.425792 -1.555208 9.861960
137 bird 0.929681 0.255075 4.746068
137 person 11.024226 -0.009319 13.177804
137 traffic light 5.425792 -1.562182 9.861960
137 car -6.014400 0.277161 39.193340
138 bird 0.929681 0.255075 4.746068
138 traffic light 5.425792 -1.562182 9.861960
138 person 11.108096 -0.037275 13.177804
139 bird 0.929681 0.255075 4.746068
139 person 11.193935 -0.102954 13.235224
139 traffic light 5.434615 -1.571707 9.877996
139 car -6.081351 0.278961 39.447842
140 bird 0.933038 0.255075 4.746068
140 person 11.274656 -0.028140 13.264122
140 car 8.748789 0.360613 22.171415
140 traffic light 5.418818 -1.562182 9.861960
141 bird 0.933038 0.255075 4.746068
141 car 9.031008 0.078394 22.171415
141 person 11.293415 0.009380 13.264122
141 traffic light 5.425792 -1.562182 9.861960
142 bird 0.933038 0.255075 4.746068
142 car 9.237187 0.062945 22.252628
142 person 11.371211 0.103632 13.322298
142 traffic light 5.432766 -1.562182 9.861960
142 car -6.014400 0.277161 39.193340
143 bird 0.933038 0.255075 4.746068
143 car 9.697588 0.031588 22.334440
143 traffic light 5.425792 -1.569156 9.861960
143 car -6.081351 0.278961 39.447842
144 bird 0.933038 0.255075 4.746068
144 car 10.008089 0.015911 22.499880
144 traffic light 5.432766 -1.569156 9.861960
144 car -6.081351 0.278961 39.447842
145 bird 0.929681 0.258431 4.746068
145 car 10.161388 0.031705 22.416855
145 traffic light 5.439740 -1.569156 9.861960
145 car -6.053455 0.251065 39.447842
146 bird 0.929681 0.255075 4.746068
146 car 10.444550 0.015970 22.583523
146 traffic light 5.425792 -1.569156 9.861960
146 car -6.042116 0.277161 39.193340
147 bird 0.929681 0.255075 4.746068
147 car 10.987539 0.015970 22.583523
147 traffic light 5.425792 -1.569156 9.861960
147 car -6.053455 0.278961 39.447842
148 bird 0.929681 0.255075 4.746068
148 car 11.608677 -0.015794 22.334440
148 traffic light 5.425792 -1.569156 9.861960
148 car -6.014400 0.277161 39.193340
149 bird 0.929681 0.255075 4.746068
149 car 12.378844 -0.047733 22.499880
149 traffic light 5.418818 -1.555208 9.861960
149 car -6.025558 0.278961 39.447842
150 bird 0.929681 0.255075 4.746068
150 car 13.160507 -0.032060 22.667789
150 traffic light 5.425792 -1.569156 9.861960
150 car -5.986684 0.277161 39.193340
151 bird 0.929681 0.255075 4.746068
151 car 12.001084 0.027716 19.596670
151 traffic light 5.418818 -1.569156 9.861960
151 car -5.986684 0.249445 39.193340
152 bird 0.929681 0.255075 4.746068
152 car 12.419846 0.013769 19.471050
152 traffic light 5.425792 -1.569156 9.861960
152 car -6.053455 0.278961 39.447842
153 bird 0.929681 0.255075 4.746068
153 car 15.527908 -0.081985 23.186899
153 traffic light 5.425792 -1.569156 9.861960
153 car -6.053455 0.251065 39.447842
154 bird 0.929681 0.255075 4.746068
154 car 16.324801 -0.016523 23.365261
154 traffic light 5.418818 -1.576130 9.861960
155 bird 0.929681 0.255075 4.746068
155 car 17.167153 0.000000 23.823402
155 traffic light 5.418818 -1.569156 9.861960
155 car -6.053455 0.251065 39.447842
156 bird 0.929681 0.255075 4.746068
156 car 18.176701 -0.017116 24.203058
156 traffic light 5.425792 -1.583104 9.861960
156 car -5.986684 0.249445 39.193340
157 bird 0.929681 0.255075 4.746068
157 car 18.754025 -0.241542 24.397461
157 traffic light 5.418818 -1.569156 9.861960
157 car -5.986684 0.277161 39.193340
158 bird 0.929681 0.255075 4.746068
158 car 19.030073 -0.276048 24.397461
158 traffic light 5.416998 -1.580538 9.845977
158 car -6.053455 0.278961 39.447842
159 bird 0.929681 0.255075 4.746068
159 car 19.726530 -0.368229 24.795786
159 traffic light 5.418818 -1.576130 9.861960
159 car -6.025558 0.251065 39.447842
160 bird 0.929681 0.255075 4.746068
160 traffic light 5.425792 -1.583104 9.861960
160 car 20.308364 -0.284033 25.103172
161 bird 0.929681 0.255075 4.746068
161 car 20.627901 -0.319537 25.103172
161 traffic light 5.432766 -1.576130 9.861960
161 car -6.025558 0.251065 39.447842
162 bird 0.929681 0.255075 4.746068
162 traffic light 5.432766 -1.576130 9.861960
162 car -6.053455 0.251065 39.447842
163 bird 0.929681 0.255075 4.746068
163 traffic light 5.425792 -1.569156 9.861960
163 car -6.053455 0.251065 39.447842
164 bird 0.929681 0.255075 4.746068
164 traffic light 5.418818 -1.576130 9.861960
164 car -6.053455 0.251065 39.447842
165 bird 0.929681 0.255075 4.746068
165 traffic light 5.425792 -1.576130 9.861960
165 car -6.053455 0.251065 39.447842
166 bird 0.929681 0.255075 4.746068
166 traffic light 5.425792 -1.576130 9.861960
167 bird 0.929681 0.255075 4.746068
167 traffic light 5.425792 -1.576130 9.861960
167 car -6.053455 0.278961 39.447842
168 bird 0.929681 0.251719 4.746068
168 traffic light 5.425792 -1.576130 9.861960
168 car -6.081351 0.278961 39.447842
169 bird 0.929681 0.255075 4.746068
169 traffic light 5.418818 -1.576130 9.861960
170 bird 0.933038 0.255075 4.746068
170 traffic light 5.425792 -1.569156 9.861960
170 car -6.014400 0.277161 39.193340
171 bird 0.929681 0.255075 4.746068
171 traffic light 5.418818 -1.569156 9.861960
171 car -6.053455 0.278961 39.447842
172 bird 0.929681 0.255075 4.746068
172 traffic light 5.418818 -1.562182 9.861960
172 car -6.053455 0.278961 39.447842
173 bird 0.929681 0.255075 4.746068
173 traffic light 5.418818 -1.555208 9.861960
173 car -6.025558 0.278961 39.447842
174 bird 0.929681 0.255075 4.746068
174 traffic light 5.418818 -1.562182 9.861960
174 car -6.025558 0.251065 39.447842
175 bird 0.929681 0.255075 4.746068
175 traffic light 5.425792 -1.562182 9.861960
176 bird 0.929681 0.255075 4.746068
176 traffic light 5.425792 -1.562182 9.861960
176 person -7.356164 -0.353096 83.218735
177 bird 0.929681 0.255075 4.746068
177 traffic light 5.418818 -1.569156 9.861960
178 bird 0.929681 0.255075 4.746068
178 traffic light 5.425792 -1.562182 9.861960
178 car -6.053455 0.251065 39.447842
179 bird 0.929681 0.255075 4.746068
179 traffic light 5.418818 -1.562182 9.861960
179 car -5.840314 0.084235 39.705673
180 bird 0.929681 0.255075 4.746068
180 traffic light 5.418818 -1.562182 9.861960
180 car -5.969766 0.251065 39.447842
181 bird 0.929681 0.255075 4.746068
181 traffic light 5.418818 -1.569156 9.861960
182 bird 0.929681 0.251719 4.746068
182 traffic light 5.425792 -1.562182 9.861960
183 bird 0.929681 0.255075 4.746068
183 traffic light 5.425792 -1.555208 9.861960
184 bird 0.929681 0.255075 4.746068
184 traffic light 5.425792 -1.562182 9.861960
185 bird 0.929681 0.255075 4.746068
185 traffic light 5.425792 -1.569156 9.861960
186 bird 0.929681 0.255075 4.746068
186 traffic light 5.418818 -1.569156 9.861960
187 bird 0.929681 0.255075 4.746068
187 traffic light 5.425792 -1.576130 9.861960
188 bird 0.929681 0.255075 4.746068
188 car -12.584753 -0.303247 71.470207
188 traffic light 5.418818 -1.583104 9.861960
189 bird 0.929681 0.255075 4.746068
189 car -11.277000 -0.402750 63.280914
189 traffic light 5.425792 -1.583104 9.861960
190 bird 0.929681 0.255075 4.746068
190 car -11.531369 -0.135663 63.947029
190 traffic light 5.425792 -1.576130 9.861960
191 bird 0.929681 0.255075 4.746068
191 car -11.456001 -0.173576 61.363312
191 traffic light 5.425792 -1.562182 9.861960
192 bird 0.929681 0.255075 4.746068
192 car -11.976728 -0.260364 61.363312
192 car -6.093020 0.224627 39.705673
192 traffic light 5.425792 -1.569156 9.861960
193 bird 0.929681 0.255075 4.746068
193 car -11.607462 -0.289154 58.413151
193 car -6.274421 0.226105 39.966892
193 traffic light 5.425792 -1.569156 9.861960
194 bird 0.933038 0.255075 4.746068
194 car -11.510038 -0.202642 57.311016
194 car -6.373804 0.252706 39.705673
194 traffic light 5.418818 -1.562182 9.861960
195 bird 0.929681 0.255075 4.746068
195 car -11.563065 -0.240897 56.775398
195 car -6.458040 0.252706 39.705673
195 traffic light 5.418818 -1.562182 9.861960
196 bird 0.929681 0.255075 4.746068
196 car -11.774223 -0.119333 56.249702
196 car -6.429961 0.280784 39.705673
196 traffic light 5.418818 -1.569156 9.861960
196 person -7.936585 -0.524733 92.753006
197 bird 0.929681 0.255075 4.746068
197 car -11.572108 -0.116108 54.729439
197 car -6.458040 0.252706 39.705673
197 traffic light 5.425792 -1.576130 9.861960
198 bird 0.933038 0.255075 4.746068
198 car -11.557381 -0.152071 53.760777
198 car -6.360312 0.278961 39.447842
198 traffic light 5.425792 -1.569156 9.861960
198 car -6.778753 0.111584 39.447842
199 bird 0.933038 0.255075 4.746068
199 car -10.935273 -0.035504 50.206345
199 car -6.471896 0.278961 39.447842
199 traffic light 5.418818 -1.569156 9.861960
199 car -6.918234 0.139481 39.447842
199 car -7.947600 -0.429600 75.937096
200 bird 0.933038 0.255075 4.746068
200 car -10.827317 -0.034927 49.389980
200 traffic light 5.425792 -1.576130 9.861960
200 car -6.276623 0.306857 39.447842
201 bird 0.929681 0.255075 4.746068
201 car -10.442585 -0.033046 46.730522
201 car -6.918234 0.223169 39.447842
201 traffic light 5.425792 -1.576130 9.861960
201 car -8.015708 -0.314341 74.084976
201 car -5.802390 0.251065 39.447842
202 bird 0.933038 0.255075 4.746068
202 car -10.194985 0.032060 45.335579
202 car -6.873600 0.277161 39.193340
202 car -6.332416 0.334753 39.447842
202 traffic light 5.418818 -1.569156 9.861960
203 bird 0.933038 0.255075 4.746068
203 car -10.128526 0.094073 44.342831
203 car -6.319278 0.332594 39.193340
203 traffic light 5.418818 -1.576130 9.861960
204 bird 0.933038 0.255075 4.746068
204 car -9.832395 0.181521 42.781464
204 car -6.388208 0.334753 39.447842
204 traffic light 5.425792 -1.569156 9.861960
205 bird 0.929681 0.255075 4.746068
205 car -9.549893 0.232216 41.047081
205 car -6.289569 0.252706 39.705673
205 traffic light 5.425792 -1.569156 9.861960
206 bird 0.933038 0.255075 4.746068
206 car -9.355105 0.226105 39.966892
206 traffic light 5.425792 -1.583104 9.861960
207 bird 0.929681 0.255075 4.746068
207 car -9.233610 0.195273 39.447842
207 traffic light 5.418818 -1.569156 9.861960
208 bird 0.929681 0.255075 4.746068
208 car -9.027038 0.163139 38.449162
208 traffic light 5.425792 -1.569156 9.861960
209 bird 0.929681 0.255075 4.746068
209 car -8.857186 0.159111 37.499802
210 bird 0.929681 0.255075 4.746068
210 car -8.288753 0.277976 35.735104
210 traffic light 5.432766 -1.576130 9.861960
211 bird 0.929681 0.255075 4.746068
211 car -7.888136 0.194170 34.321854
211 traffic light 5.432766 -1.569156 9.861960
212 bird 0.933038 0.255075 4.746068
212 car -7.535607 0.211279 33.196545
212 traffic light 5.425792 -1.562182 9.861960
213 bird 0.933038 0.255075 4.746068
213 car -7.167658 0.206759 32.486458
213 car -16.688308 -0.247846 58.413151
213 car -5.552809 -0.091404 32.313660
213 traffic light 5.425792 -1.569156 9.861960
214 bird 0.929681 0.255075 4.746068
214 car -6.553592 0.241102 30.994734
214 traffic light 5.418818 -1.562182 9.861960
214 car -5.337455 -0.151879 30.681656
215 bird 0.929681 0.255075 4.746068
215 car -6.134090 0.213731 30.223721
215 car -17.021887 -0.202642 57.311016
215 traffic light 5.425792 -1.569156 9.861960
216 bird 0.929681 0.255075 4.746068
216 car -5.713892 0.232788 29.925949
216 traffic light 5.418818 -1.562182 9.861960
217 bird 0.933038 0.255075 4.746068
217 car -5.188406 0.228290 29.347670
217 traffic light 5.418818 -1.555208 9.861960
217 car -23.416205 -1.508607 92.753006
218 bird 0.933038 0.255075 4.746068
218 car -4.474175 0.237567 27.995243
218 car -17.030572 -0.076714 54.240784
218 traffic light 5.425792 -1.569156 9.861960
219 bird 0.933038 0.255075 4.746068
219 car -3.999042 0.277161 27.995243
219 car -16.885148 -0.074713 52.825806
219 traffic light 5.425792 -1.569156 9.861960
220 bird 0.933038 0.255075 4.746068
220 car -3.261055 0.273382 27.613489
220 car -16.706667 -0.036718 51.922802
220 car -12.935209 -0.566506 66.757889
220 car -20.010316 -0.904421 79.933784
220 traffic light 5.425792 -1.562182 9.861960
221 bird 0.933038 0.255075 4.746068
221 car -2.558073 0.234327 27.613489
221 car -16.895193 0.000000 51.050148
221 car -11.400923 -0.289154 58.413151
221 traffic light 5.432766 -1.569156 9.861960
221 car -18.956100 -0.859200 75.937096
222 bird 0.933038 0.251719 4.746068
222 car -1.830135 0.231175 27.242008
222 car -16.899967 0.035504 50.206345
222 car -11.347925 -0.283698 57.311016
222 traffic light 5.432766 -1.569156 9.861960
222 car -6.374710 0.194013 39.193340
223 bird 0.933038 0.255075 4.746068
223 car -1.425828 0.203690 26.185205
223 car -16.902296 0.035213 49.794819
223 car -11.217334 -0.278444 56.249702
223 traffic light 5.432766 -1.562182 9.861960
223 car -6.471896 0.223169 39.447842
224 bird 0.933038 0.255075 4.746068
224 car -1.071655 0.188010 26.586420
224 car -16.737217 0.103104 48.599743
224 car -11.130546 -0.156218 55.226978
224 car -6.444000 0.226105 39.966892
224 traffic light 5.425792 -1.562182 9.861960
224 car -5.822211 0.197842 39.966892
225 bird 0.933038 0.255075 4.746068
225 car -0.117791 0.033655 4.759083
225 car -16.684466 0.166512 47.092773
225 car -10.815369 -0.150737 53.289192
225 car -6.486118 0.224627 39.705673
225 traffic light 5.425792 -1.562182 9.861960
226 bird 0.933038 0.255075 4.746068
226 car -16.659298 0.196763 46.373798
226 car -0.047172 0.023586 4.764680
226 car -10.777035 -0.148138 52.370411
226 car -6.542275 0.252706 39.705673
226 traffic light 5.432766 -1.562182 9.861960
227 bird 0.929681 0.255075 4.746068
227 car -16.667188 0.193805 45.676449
227 car -10.649748 -0.072202 51.050148
227 car -6.598432 0.252706 39.705673
227 traffic light 5.425792 -1.562182 9.861960
228 bird 0.929681 0.255075 4.746068
228 car -16.738489 0.254578 44.999760
228 car -10.847401 0.000000 50.624733
228 car -6.570353 0.280784 39.705673
228 traffic light 5.432766 -1.569156 9.861960
228 car -15.269941 -0.808158 60.148197
229 bird 0.929681 0.255075 4.746068
229 car -16.596777 0.309065 43.704803
229 car -10.617756 0.034927 49.389980
229 traffic light 5.432766 -1.569156 9.861960
229 car -6.570353 0.308863 39.705673
229 car -14.931729 -0.792466 58.980270
230 bird 0.933038 0.255075 4.746068
230 car -16.723715 0.306857 43.392628
230 car -10.482240 0.034368 48.599743
230 traffic light 5.432766 -1.569156 9.861960
230 car -14.493981 -0.762841 56.775398
230 car -6.514197 0.308863 39.705673
231 bird 0.929681 0.255075 4.746068
231 car -16.330685 0.294247 41.609367
231 car -10.370813 0.000000 47.460686
231 traffic light 5.432766 -1.562182 9.861960
231 car -6.862442 0.223169 39.447842
231 car -13.724390 -0.608283 53.760777
232 bird 0.929681 0.255075 4.746068
232 car -16.095681 0.315040 40.499786
232 car -10.198901 0.065588 46.373798
232 traffic light 5.425792 -1.555208 9.861960
232 car -6.845884 0.277161 39.193340
233 bird 0.929681 0.255075 4.746068
233 car -15.853626 0.304877 39.193340
233 car -9.887118 0.031588 44.668880
233 traffic light 5.432766 -1.562182 9.861960
233 car 9.508933 0.118862 24.011730
233 car -6.873600 0.304877 39.193340
234 bird 0.933038 0.255075 4.746068
234 car 10.006953 -0.102286 24.107016
234 car -15.643925 0.459321 38.207344
234 car -9.877665 0.062715 44.342831
234 traffic light 5.432766 -1.562182 9.861960
234 car -6.332416 0.334753 39.447842
234 car -14.781153 -0.072814 51.482777
235 bird 0.929681 0.255075 4.746068
235 car 10.569524 -0.102286 24.107016
235 car -9.797353 0.123626 43.704803
235 traffic light 5.432766 -1.562182 9.861960
235 car -6.248727 0.334753 39.447842
236 bird 0.929681 0.255075 4.746068
236 car 11.073753 -0.119809 24.203058
236 car -9.727372 0.153429 43.392628
236 traffic light 5.441600 -1.571707 9.877996
236 car -6.248727 0.334753 39.447842
237 bird 0.929681 0.255075 4.746068
237 car 11.609429 -0.187524 24.107016
237 car -9.362317 0.148138 41.896328
237 traffic light 5.432766 -1.562182 9.861960
237 car -6.165039 0.334753 39.447842
238 bird 0.929681 0.255075 4.746068
238 car -8.961855 0.199152 40.231575
238 car 12.549733 -0.101480 23.917196
238 traffic light 5.432766 -1.562182 9.861960
238 car -6.248727 0.334753 39.447842
239 bird 0.933038 0.255075 4.746068
239 car 13.301078 -0.016523 23.365261
239 car -8.844706 0.168471 39.705673
239 traffic light 5.432766 -1.541260 9.861960
239 car 12.425881 -0.051347 24.203058
239 car -6.220831 0.334753 39.447842
240 bird 0.929681 0.255075 4.746068
240 car -8.537274 0.164178 38.694061
240 traffic light 5.432766 -1.562182 9.861960
240 car 11.223784 0.051604 18.243147
240 car -6.220831 0.334753 39.447842
241 bird 0.929681 0.255075 4.746068
241 car -8.269800 0.187950 37.968548
241 traffic light 5.432766 -1.562182 9.861960
241 car 11.939033 -0.038472 18.134232
241 bench 11.877929 0.038357 18.080261
242 bird 0.929681 0.255075 4.746068
242 car -7.645857 0.255714 36.160522
242 traffic light 5.441600 -1.564722 9.877996
242 car -9.652405 -0.625367 38.449162
243 bird 0.929681 0.255075 4.746068
243 car -7.268233 0.199814 35.319580
243 car 17.859581 -0.173226 24.495838
243 bench 17.836993 0.103104 24.299871
243 person -12.433129 0.227435 35.735104
243 traffic light 5.432766 -1.562182 9.861960
243 car -9.299269 -0.602488 37.042488
244 bird 0.929681 0.255075 4.746068
244 car -6.996343 0.196389 34.714100
244 car 18.558025 -0.278283 24.595011
244 traffic light 5.425792 -1.555208 9.861960
244 person -12.240000 0.360000 33.938366
244 car -9.024143 -0.610083 35.946556
245 bird 0.933038 0.255075 4.746068
245 car -6.564674 0.217213 34.129032
245 car 19.192293 -0.331805 24.694990
245 person -11.933333 0.409143 32.142685
245 traffic light 5.425792 -1.555208 9.861960
246 bird 0.933038 0.255075 4.746068
246 car -6.150557 0.187803 33.196545
246 car 20.101701 -0.393800 25.312366
246 traffic light 5.425792 -1.555208 9.861960
247 bird 0.929681 0.255075 4.746068
247 car -5.720342 0.206759 32.486458
247 car 20.463934 -0.392166 25.207335
247 traffic light 5.418818 -1.555208 9.861960
247 person -11.654699 0.616651 29.066832
248 bird 0.933038 0.255075 4.746068
248 car -5.218178 0.157445 31.806114
248 car 21.298736 -0.308152 25.632776
248 traffic light 5.418818 -1.548234 9.861960
248 fire hydrant 20.545307 0.305573 25.418276
249 bird 0.933038 0.255075 4.746068
249 car -4.714585 0.154215 31.153681
249 traffic light 5.432766 -1.562182 9.861960
250 bird 0.933038 0.255075 4.746068
250 car -4.296000 0.216970 30.681656
250 traffic light 5.425792 -1.555208 9.861960
251 bird 0.933038 0.255075 4.746068
251 car -3.766936 0.126975 29.925949
251 traffic light 5.432766 -1.562182 9.861960
252 bird 0.933038 0.255075 4.746068
252 car -3.290107 0.146693 29.633989
252 traffic light 5.425792 -1.562182 9.861960
253 bird 0.933038 0.255075 4.746068
253 car -2.748626 0.162882 28.791317
253 traffic light 5.432766 -1.562182 9.861960
254 bird 0.933038 0.255075 4.746068
254 car -2.178833 0.205550 29.066832
254 traffic light 5.425792 -1.562182 9.861960
254 car -6.074599 0.273631 38.694061
255 bird 0.933038 0.255075 4.746068
255 car -1.644402 0.184995 29.066832
255 traffic light 5.418818 -1.562182 9.861960
255 car -6.180697 0.249445 39.193340
256 bird 0.933038 0.255075 4.746068
256 car -1.221798 0.118239 27.866825
256 traffic light 5.418818 -1.562182 9.861960
256 car -6.081351 0.278961 39.447842
257 bird 0.933038 0.255075 4.746068
257 car -0.168207 0.023549 4.757218
257 traffic light 5.427629 -1.564722 9.877996
257 car -6.053455 0.251065 39.447842
258 bird 0.933038 0.258431 4.746068
258 traffic light 5.432766 -1.569156 9.861960
258 car -6.081351 0.278961 39.447842
259 bird 0.933038 0.258431 4.746068
259 traffic light 5.425792 -1.569156 9.861960
259 car -6.069832 0.277161 39.193340
260 bird 0.929681 0.255075 4.746068
260 traffic light 5.432766 -1.569156 9.861960
260 car -6.109247 0.278961 39.447842
261 bird 0.929681 0.255075 4.746068
261 traffic light 5.425792 -1.562182 9.861960
261 car -6.069832 0.277161 39.193340
262 bird 0.929681 0.255075 4.746068
262 traffic light 5.425792 -1.562182 9.861960
262 car -6.109247 0.278961 39.447842
263 bird 0.929681 0.255075 4.746068
263 traffic light 5.425792 -1.562182 9.861960
263 car -6.053455 0.278961 39.447842
264 bird 0.929681 0.255075 4.746068
264 traffic light 5.434615 -1.564722 9.877996
264 car -6.081351 0.278961 39.447842
265 bird 0.929681 0.255075 4.746068
265 traffic light 5.432766 -1.562182 9.861960
265 car -6.081351 0.278961 39.447842
266 bird 0.929681 0.255075 4.746068
266 traffic light 5.425792 -1.569156 9.861960
266 car -6.081351 0.278961 39.447842
267 bird 0.929681 0.255075 4.746068
267 traffic light 5.434615 -1.564722 9.877996
267 car -6.069832 0.277161 39.193340
268 bird 0.929681 0.255075 4.746068
268 traffic light 5.432766 -1.562182 9.861960
268 car -6.081351 0.278961 39.447842
269 bird 0.933038 0.255075 4.746068
269 car 9.193774 0.217307 23.638006
269 traffic light 5.432766 -1.569156 9.861960
269 car -6.109247 0.306857 39.447842
270 bird 0.933038 0.255075 4.746068
270 car 9.661821 0.066864 23.638006
270 traffic light 5.425792 -1.555208 9.861960
270 car -6.069832 0.277161 39.193340
271 bird 0.933038 0.255075 4.746068
271 car 10.029572 0.000000 23.638006
271 traffic light 5.425792 -1.555208 9.861960
271 car -6.081351 0.278961 39.447842
272 bird 0.929681 0.255075 4.746068
272 car 10.529412 0.000000 23.823402
272 traffic light 5.425792 -1.569156 9.861960
272 car -6.109247 0.278961 39.447842
273 bird 0.933038 0.255075 4.746068
273 car 10.799431 -0.067921 24.011730
273 traffic light 5.425792 -1.548234 9.861960
273 car -6.042116 0.277161 39.193340
274 bird 0.933038 0.255075 4.746068
274 car 11.687150 -0.033827 23.917196
274 traffic light 5.425792 -1.555208 9.861960
274 car -6.042116 0.277161 39.193340
275 bird 0.929681 0.255075 4.746068
275 car 12.149625 -0.067125 23.730343
275 traffic light 5.425792 -1.562182 9.861960
275 car -6.069832 0.277161 39.193340
276 bird 0.929681 0.255075 4.746068
276 car 13.290750 0.033563 23.730343
276 traffic light 5.425792 -1.569156 9.861960
276 car -6.109247 0.278961 39.447842
277 bird 0.929681 0.255075 4.746068
277 car 11.630972 0.041441 19.533659
277 traffic light 5.439740 -1.562182 9.861960
277 car -6.069832 0.304877 39.193340
278 bird 0.929681 0.255075 4.746068
278 car 15.234410 -0.051759 24.397461
278 traffic light 5.432766 -1.555208 9.861960
278 car -6.109247 0.278961 39.447842
279 bird 0.929681 0.255075 4.746068
279 car 16.383935 -0.104356 24.595011
279 traffic light 5.432766 -1.562182 9.861960
279 car -6.109247 0.278961 39.447842
280 bird 0.929681 0.255075 4.746068
280 car 17.290074 -0.194469 24.999866
280 traffic light 5.432766 -1.569156 9.861960
280 car -6.069832 0.277161 39.193340
280 car 15.476165 -0.158459 24.897409
281 bird 0.933038 0.255075 4.746068
281 car 18.204301 -0.214800 25.312366
281 traffic light 5.425792 -1.555208 9.861960
281 car -6.081351 0.278961 39.447842
282 bird 0.929681 0.255075 4.746068
282 car 19.071365 -0.179749 25.418276
282 car 17.529865 -0.254847 25.741388
282 bench 18.974001 -0.053700 25.312366
282 traffic light 5.425792 -1.562182 9.861960
282 car -6.069832 0.277161 39.193340
283 bird 0.929681 0.255075 4.746068
283 car 20.189356 -0.405631 26.072823
283 traffic light 5.425792 -1.555208 9.861960
283 car -6.081351 0.278961 39.447842
284 bird 0.929681 0.255075 4.746068
284 car 20.628207 -0.481448 26.185205
284 traffic light 5.425792 -1.569156 9.861960
284 car -6.109247 0.306857 39.447842
285 bird 0.929681 0.255075 4.746068
285 car 21.181148 -0.522991 26.412903
285 traffic light 5.432766 -1.555208 9.861960
285 car -6.081351 0.278961 39.447842
