0 bird 1.208250 0.322200 4.746068
0 bicycle -2.829809 0.965393 8.532258
0 car 17.097735 0.621108 24.397461
0 person -2.981103 0.361346 14.193850
0 person -2.855794 0.449295 8.703392
0 person -7.906319 0.181915 19.788168
0 car 14.308725 0.558142 23.917196
0 bicycle -3.058511 0.985967 14.227091
1 bird 1.208250 0.318844 4.746068
1 person -2.869845 0.496816 8.265263
1 bicycle -2.904257 0.925912 8.132487
1 car 17.132241 0.621108 24.397461
1 person -2.870645 0.388733 14.095053
1 person -3.169919 0.084456 7.961950
1 car 14.325638 0.558142 23.917196
1 person -3.089001 0.251696 8.089171
2 bird 1.208250 0.322200 4.746068
2 bicycle -3.153080 1.005080 8.121614
2 person -2.689927 0.394128 13.933413
2 car 17.114988 0.603855 24.397461
2 person -3.027605 0.540447 7.798418
2 car 14.325638 0.558142 23.917196
3 bicycle -3.222000 1.052193 7.709350
3 person -2.636182 0.371018 13.806745
3 bird 1.211606 0.318844 4.746068
3 car 17.114988 0.621108 24.397461
3 person -3.146061 0.542424 7.670414
3 car 14.269459 0.555953 23.823402
4 bicycle -3.395735 1.100324 7.444813
4 person -2.527059 0.417937 13.744271
4 bird 1.211606 0.318844 4.746068
4 car 17.114988 0.603855 24.397461
4 car 14.325638 0.558142 23.917196
4 person -7.892651 0.185542 20.182617
5 bird 1.208250 0.318844 4.746068
5 car 17.080482 0.603855 24.397461
5 person -2.345906 0.366849 13.651613
5 person -7.422835 0.217519 19.224581
5 car 14.269459 0.555953 23.823402
6 bird 1.208250 0.322200 4.746068
6 person -2.238895 0.420989 13.529995
6 car 17.063229 0.603855 24.397461
6 person -7.395645 0.244709 19.224581
6 car 14.325638 0.558142 23.917196
7 person -2.114808 0.455205 13.410525
7 bird 1.208250 0.318844 4.746068
7 car 17.114988 0.603855 24.397461
7 person -7.366496 0.269342 19.043787
7 car 14.325638 0.558142 23.917196
7 person -7.746225 0.241650 18.984274
8 person -2.021094 0.451221 13.293146
8 bird 1.208250 0.318844 4.746068
8 person -7.293832 0.294430 18.925133
8 car 17.132241 0.603855 24.397461
8 car 14.325638 0.558142 23.917196
9 person -1.929007 0.456625 13.177804
9 bird 1.208250 0.318844 4.746068
9 person -7.181963 0.250380 18.634871
9 car 17.097735 0.621108 24.397461
9 car 14.365281 0.560348 24.011730
10 person -1.768397 0.453672 13.092603
10 bird 1.208250 0.318844 4.746068
10 car 17.114988 0.603855 24.397461
10 person -7.155647 0.221982 18.464947
10 car 14.325638 0.558142 23.917196
10 person -7.592628 0.181704 18.353376
11 person -1.544732 0.438740 12.925464
11 person -7.026289 0.297614 18.298096
11 bird 1.211606 0.315488 4.746068
11 car 17.080482 0.603855 24.397461
11 car 14.325638 0.558142 23.917196
12 person -1.392808 0.479343 12.789406
12 person -6.987470 0.297614 18.298096
12 bird 1.211606 0.315488 4.746068
12 car 17.080482 0.621108 24.397461
12 car 14.286306 0.555953 23.823402
13 person -1.312167 0.467347 12.709138
13 bird 1.211606 0.318844 4.746068
13 person -6.878714 0.306857 18.080261
13 car 17.097735 0.603855 24.397461
13 car 14.325638 0.558142 23.917196
14 person -1.156273 0.418037 12.577573
14 car 17.097735 0.621108 24.397461
14 bird 1.211606 0.315488 4.746068
14 person -6.822304 0.294949 18.134232
14 car 14.342552 0.558142 23.917196
14 person -7.147215 0.217357 18.080261
15 person -1.067384 0.405782 12.474266
15 car 17.114988 0.621108 24.397461
15 bird 1.208250 0.315488 4.746068
15 person -6.814786 0.294071 18.080261
15 car 14.359465 0.558142 23.917196
16 person -1.008245 0.403298 12.397893
16 car 17.097735 0.621108 24.397461
16 person -6.571101 0.254201 17.973278
16 bird 1.204894 0.322200 4.746068
16 person 4.142572 0.540335 9.433180
16 car 14.359465 0.558142 23.917196
16 person -7.012588 0.252706 17.867552
17 person -0.850521 0.347152 12.272662
17 car 17.114988 0.621108 24.397461
17 person -6.525889 0.251965 17.815155
17 person 4.150821 0.521327 9.331748
17 bird 1.208250 0.315488 4.746068
17 car 14.325638 0.558142 23.917196
17 person -6.937793 0.197517 17.456804
18 person -0.804430 0.445004 12.101529
18 car 17.097735 0.621108 24.397461
18 person -6.350609 0.323757 17.608603
18 bird 1.208250 0.312131 4.746068
18 person 4.139782 0.631382 9.204496
18 car 14.342552 0.558142 23.917196
18 person -6.922697 0.282309 17.357050
19 person -0.728710 0.457562 11.982185
19 car 17.097735 0.621108 24.397461
19 person 4.225363 0.571516 9.080669
19 person -6.326387 0.309510 17.507113
19 bird 1.204894 0.315488 4.746068
19 car 14.382261 0.560348 24.011730
20 person -0.555953 0.454871 11.911701
20 bird 1.204894 0.318844 4.746068
20 person 4.308635 0.530682 8.933776
20 car 17.132241 0.621108 24.397461
20 person -6.187704 0.305114 17.258430
20 person -6.790067 0.250600 16.874910
20 car 14.359465 0.558142 23.917196
20 person -6.546862 0.242028 17.112585
20 person 3.758245 0.845907 8.544258
21 person 4.302199 0.551723 8.766188
21 person -0.414672 0.472726 11.727737
21 car 17.114988 0.621108 24.397461
21 bird 1.204894 0.315488 4.746068
21 person -6.771258 0.238006 16.828165
21 person -6.043526 0.339797 17.160927
21 car 14.195479 0.543368 24.011730
21 person 3.738000 0.612000 8.484591
22 person -0.279281 0.459992 11.615617
22 car 17.218646 0.623613 24.495838
22 bird 1.211606 0.315488 4.746068
22 person 4.110000 0.516000 8.484591
22 person -6.631803 0.269967 16.598272
22 person -5.808000 0.288000 16.969183
22 car 14.224158 0.558142 23.917196
23 person -0.211545 0.471909 11.505621
23 person 3.936527 0.606979 8.333289
23 person -5.676432 0.333208 16.828165
23 car 17.132241 0.621108 24.397461
23 person -6.516093 0.380586 16.308668
23 car 14.168377 0.555953 23.823402
23 bird 1.214963 0.312131 4.746068
23 person 4.449648 0.614592 8.690941
24 person 4.113066 0.601912 8.344736
24 person -5.652632 0.368909 16.828165
24 person -0.103614 0.462278 11.270812
24 car 17.114988 0.621108 24.397461
24 person -6.426817 0.309312 16.199915
24 car 14.079469 0.553781 23.730343
24 bird 1.221675 0.308775 4.746068
24 person 4.576705 0.512591 8.629215
25 person 4.218862 0.581503 8.390840
25 person 0.031588 0.442235 11.167220
25 car 17.046529 0.618624 24.299871
25 person -5.547033 0.401275 16.689472
25 car 14.124981 0.568342 23.638006
25 bird 1.208250 0.315488 4.746068
25 person -6.352596 0.262787 16.156830
25 person 4.613557 0.593172 8.472758
26 car 17.063229 0.621108 24.397461
26 person -5.514976 0.378711 16.735449
26 person 0.118022 0.464220 11.126314
26 person 4.826297 0.583922 8.425753
26 person -6.341714 0.386413 16.071342
26 bird 1.211606 0.315488 4.746068
26 car 14.437929 0.589647 23.823402
26 person 4.136889 0.602349 8.035671
27 person -5.326104 0.362877 16.553045
27 car 16.994217 0.621108 24.397461
27 person -6.174094 0.348628 15.903057
27 person 4.841059 0.615389 8.287814
27 person 4.239696 0.585562 7.961950
27 bird 1.211606 0.315488 4.746068
27 person 0.204947 0.488719 11.146729
27 person -6.488985 0.258660 15.903057
27 car 14.606400 0.690729 23.823402
28 person -6.029861 0.375486 15.616883
28 car 17.011470 0.621108 24.397461
28 person -5.157529 0.360911 16.463327
28 person 4.583528 0.569417 7.972399
28 bird 1.201538 0.312131 4.746068
28 bench 4.781941 0.922584 9.958963
29 person -5.907000 0.328776 15.497367
29 car 17.080482 0.638361 24.397461
29 person 4.615677 0.566444 7.930768
29 person -5.092839 0.381097 16.330559
29 bench 4.837453 0.933294 10.074574
29 bird 1.204894 0.315488 4.746068
29 person -6.320562 0.252384 15.517184
30 person 4.640569 0.583545 7.858949
30 person -4.971904 0.400960 16.199915
30 person -5.845197 0.362578 15.537002
30 car 17.166817 0.601440 24.299871
30 bench 4.869992 0.955460 10.082941
30 bird 1.214963 0.315488 4.746068
30 person -6.283866 0.265049 15.616883
31 person 4.745581 0.577240 7.848795
31 person -4.864254 0.397778 16.071342
31 person -5.658944 0.348914 15.418700
31 car 17.493313 0.670176 24.299871
31 bird 1.214963 0.315488 4.746068
31 person -6.172788 0.206121 15.340828
31 person 5.231874 0.648346 7.972399
31 bench 5.002389 0.973087 10.192899
32 person 4.986231 0.618447 7.808442
32 bird 1.204894 0.318844 4.746068
32 person -4.679370 0.338268 15.944798
32 person -5.558894 0.377789 15.263738
32 car 18.540632 0.730494 24.595011
32 person -7.132997 0.299287 17.634197
33 person -5.485167 0.396389 15.149546
33 person -4.577152 0.382367 15.903057
33 bird 1.204894 0.318844 4.746068
33 person 5.365843 0.559866 7.838668
33 person 4.851011 0.555011 7.546544
33 person -5.821080 0.322200 15.187420
33 car 19.146370 0.671802 24.999866
34 person -4.487183 0.416105 15.903057
34 person -5.364657 0.384716 15.111860
34 person 5.506842 0.619243 7.818491
34 bird 1.208250 0.315488 4.746068
34 person -7.006716 0.242028 17.112585
34 person 5.045674 0.558267 7.518525
34 person -5.824902 0.247639 15.225483
35 person 5.074683 0.609174 7.490713
35 person -4.407584 0.446338 15.779137
35 bird 1.208250 0.318844 4.746068
35 person -7.033166 0.233211 17.357050
35 person -5.269478 0.359764 14.962975
35 person -6.486838 0.232547 17.307600
35 person 5.359419 0.619005 7.481487
36 person 5.153110 0.585343 7.390472
36 bird 1.208250 0.322200 4.746068
36 person -4.251825 0.430704 15.616883
36 person -5.127824 0.410647 14.889627
36 person -6.866360 0.241348 17.064516
36 person -6.480407 0.242712 17.160927
36 car 14.566125 0.537000 23.730343
36 bench 5.698321 0.934881 10.492172
36 person 5.598142 0.592368 7.546544
37 bird 1.204894 0.322200 4.746068
37 person 5.182883 0.604926 7.249365
37 person -5.029464 0.366732 14.816995
37 person -4.152432 0.408617 15.616883
37 person -6.756000 0.348000 16.969183
37 person 5.729770 0.637231 7.509231
37 car 14.741177 0.555953 23.823402
37 person -6.546862 0.290434 17.112585
38 person 5.639458 0.572119 7.223505
38 bird 1.231744 0.322200 4.746068
38 person -4.911204 0.406660 14.745068
38 person -3.977371 0.406527 15.537002
38 person -6.664155 0.416510 16.828165
38 car 16.502927 0.576293 24.694990
38 car 14.755826 0.577328 24.011730
38 person -6.619860 0.326596 17.763063
39 person 5.615125 0.555953 7.147021
39 bird 1.204894 0.322200 4.746068
39 person -4.834294 0.424424 14.638476
39 person -3.914376 0.436142 15.418700
39 car 16.716291 0.623613 24.495838
39 person -6.668242 0.365868 16.689472
39 car 14.320000 0.572800 23.823402
39 person -6.617122 0.346245 18.134232
39 person -6.449918 0.437884 16.735449
39 car 5.050298 0.199814 7.063916
40 person 5.614772 0.594447 7.063916
40 person -3.819869 0.432846 15.302186
40 bird 1.204894 0.322200 4.746068
40 person -4.633543 0.378457 14.464209
40 car 16.787181 0.603855 24.397461
40 person -6.408200 0.334133 16.874910
40 car 14.359465 0.558142 23.917196
40 bench 5.997101 1.088416 10.192899
40 person -6.672262 0.316054 16.553045
40 person -6.513291 0.352751 17.815155
41 bird 1.208250 0.325556 4.746068
41 person -4.509782 0.386844 14.395658
41 person 5.571991 0.581339 6.966706
41 person -3.693053 0.441444 15.225483
41 car 16.875920 0.616159 24.203058
41 person -6.291410 0.305180 16.598272
41 car 14.269459 0.555953 23.823402
41 bench 6.120528 1.097624 10.279133
41 person -6.617226 0.277161 16.330559
42 person 5.534574 0.555896 6.895536
42 bird 1.208250 0.322200 4.746068
42 person -4.407453 0.425547 14.327754
42 car 17.029960 0.616159 24.203058
42 person -3.562277 0.404079 15.037049
42 person -6.176951 0.371546 16.418831
42 bench 6.447685 1.142161 10.420185
42 car 14.105764 0.558142 23.917196
43 person -4.306061 0.382314 14.227091
43 bird 1.208250 0.325556 4.746068
43 person 5.765555 0.587822 6.926987
43 car 17.201185 0.635808 24.299871
43 person -3.445307 0.435980 15.037049
43 person -5.958968 0.323355 16.330559
43 car 14.252612 0.555953 23.823402
43 person -6.421270 0.352317 16.071342
43 car 19.118056 0.616159 24.203058
44 person -4.196093 0.399628 14.127832
44 person -3.356580 0.432767 14.926210
44 bird 1.228388 0.325556 4.746068
44 car 17.149495 0.621108 24.397461
44 person 5.865315 0.573781 6.934895
44 person -5.868542 0.341857 16.113974
44 car 14.084141 0.555953 23.823402
44 skateboard 5.797893 1.394615 6.895536
45 person -3.214122 0.420147 14.853222
45 person -4.039228 0.434538 13.965444
45 bird 1.211606 0.318844 4.746068
45 car 17.080482 0.603855 24.397461
45 person -5.761827 0.338268 15.944798
45 person -6.291351 0.468853 15.418700
45 car 14.325638 0.558142 23.917196
46 person -3.146219 0.439007 14.780944
46 bird 1.208250 0.318844 4.746068
46 person -3.932266 0.363735 13.901528
46 car 17.080482 0.603855 24.397461
46 person -6.172788 0.423091 15.340828
46 person -5.679267 0.404859 15.903057
46 car 14.325638 0.558142 23.917196
47 bird 1.208250 0.318844 4.746068
47 person -2.998899 0.383942 14.673835
47 car 17.063229 0.603855 24.397461
47 person -3.787135 0.371863 13.838196
47 bicycle -3.767563 0.675226 13.838196
47 person -6.064303 0.488182 15.340828
47 car 14.269459 0.555953 23.823402
47 person -5.583690 0.310822 15.697591
47 person -3.410332 0.427564 14.395658
47 bicycle -5.572589 0.654946 15.697591
47 bicycle -6.086000 0.466485 15.340828
48 person -2.874302 0.401784 14.568268
48 person -3.692027 0.438367 13.775437
48 bird 1.208250 0.318844 4.746068
48 car 17.097735 0.603855 24.397461
48 person -6.005743 0.476131 15.302186
48 person -5.461581 0.499535 15.697591
48 car 14.286306 0.555953 23.823402
49 person -3.580000 0.464432 13.682360
49 bird 1.228388 0.318844 4.746068
49 person -2.819886 0.386844 14.395658
49 car 17.097735 0.603855 24.397461
49 car 14.325638 0.558142 23.917196
49 person -5.236092 0.535634 15.457933
49 person -5.787961 0.476158 14.962975
50 person -3.501862 0.459261 13.529995
50 person -2.721816 0.416397 14.361626
50 bird 1.208250 0.322200 4.746068
50 car 17.080482 0.603855 24.397461
50 person -5.682484 0.483169 14.853222
50 person -4.970309 0.358906 15.379665
50 car 14.286306 0.555953 23.823402
50 person -5.356741 0.466726 14.999921
51 person -3.383575 0.446708 13.440194
51 person -2.605771 0.402436 14.227091
51 bird 1.208250 0.318844 4.746068
51 car 17.080482 0.603855 24.397461
51 person -4.988554 0.432846 15.302186
51 person -5.565036 0.353666 14.709365
51 car 14.325638 0.558142 23.917196
51 person -5.338719 0.448369 14.745068
52 person -3.191314 0.434321 13.351578
52 person -2.487684 0.389637 14.127832
52 person -4.875960 0.451080 15.187420
52 car 17.097735 0.603855 24.397461
52 bird 1.251881 0.315488 4.746068
52 person -5.460144 0.442993 14.568268
52 car 14.399241 0.560348 24.011730
52 person -5.281797 0.373565 14.673835
53 person -3.097987 0.439895 13.235224
53 car 17.080482 0.621108 24.397461
53 bird 1.204894 0.322200 4.746068
53 person -5.282641 0.534431 14.533416
53 person -2.410919 0.426624 14.029948
53 person -4.731980 0.457248 15.037049
53 car 14.325638 0.558142 23.917196
53 person 3.667596 0.599840 8.078415
53 person -2.763066 0.416352 13.380986
54 person -2.982039 0.465944 13.177804
54 car 17.080482 0.621108 24.397461
54 person -2.246532 0.492661 13.933413
54 person 3.513908 0.567292 7.788420
54 person -5.845699 0.460986 13.869789
54 person -4.549327 0.422211 14.926210
54 person -5.199887 0.558582 14.361626
54 bird 1.201538 0.315488 4.746068
54 car 14.325638 0.558142 23.917196
55 person -2.851655 0.518483 13.092603
55 person -2.133321 0.548009 13.838196
55 person -4.474127 0.471512 14.816995
55 car 17.097735 0.603855 24.397461
55 person -5.669151 0.431562 13.869789
55 car 14.269459 0.555953 23.823402
55 person 3.526323 0.584081 7.719146
55 person -5.030445 0.482923 14.227091
55 bird 1.211606 0.312131 4.746068
56 person 3.672999 0.536323 7.660741
56 person -2.074939 0.506558 13.775437
56 person -5.485072 0.402750 13.560196
56 person -2.766294 0.457996 12.953023
56 car 17.114988 0.621108 24.397461
56 person -4.327130 0.508464 14.673835
56 car 14.308725 0.575055 23.917196
56 person -4.888206 0.501869 14.193850
56 bird 1.211606 0.312131 4.746068
57 person 3.853058 0.560348 7.546544
57 person -2.615746 0.445040 12.843484
57 person -1.906108 0.503135 13.682360
57 person -5.398513 0.408690 13.440194
57 person -4.806713 0.470657 14.160764
57 car 17.097735 0.603855 24.397461
57 person -4.203281 0.556317 14.568268
57 car 14.308725 0.575055 23.917196
57 bird 1.211606 0.312131 4.746068
57 handbag 3.517350 0.649770 7.593710
58 person 3.900663 0.616726 7.453948
58 person -2.487158 0.452211 12.789406
58 person -1.793196 0.450696 13.560196
58 car 17.114988 0.603855 24.397461
58 person -5.346344 0.444740 13.380986
58 person -4.757720 0.521944 14.193850
58 bird 1.208250 0.315488 4.746068
58 person -4.081710 0.510214 14.429852
58 car 14.291812 0.541228 23.917196
58 person -5.059954 0.476231 14.029948
59 person 3.938432 0.590765 7.328067
59 person -2.390661 0.449372 12.709138
59 car 16.994977 0.618624 24.299871
59 person -1.678570 0.445722 13.410525
59 person -4.609148 0.489294 13.838196
59 person -5.247527 0.414526 13.322298
59 bird 1.208250 0.312131 4.746068
59 person -3.992753 0.454871 14.294042
59 car 14.678001 0.647810 24.107016
59 person -2.012876 0.447306 13.177804
59 person -5.075275 0.479554 14.127832
60 person -2.322162 0.518021 12.629870
60 person 4.116573 0.517776 7.249365
60 car 17.011470 0.621108 24.397461
60 person -5.077091 0.446338 13.149281
60 person -1.588674 0.507624 13.293146
60 bird 1.208250 0.315488 4.746068
60 person -4.470555 0.523666 13.713245
60 person -3.912789 0.473972 14.260488
60 handbag 3.924677 0.608557 7.292879
60 bench 4.831192 0.940202 10.227219
61 person -2.262914 0.495012 12.499933
61 person 4.275925 0.526963 7.096925
61 person -1.512939 0.522991 13.206451
61 bird 1.208250 0.318844 4.746068
61 person -3.796465 0.459572 14.127832
61 person -4.932103 0.488601 13.036411
61 car 17.149495 0.638361 24.397461
61 person -4.286346 0.434427 13.651613
61 handbag 4.086682 0.632937 7.047526
61 bench 4.872550 0.907011 9.942664
61 person -5.210632 0.388026 13.064446
61 handbag 4.195860 0.550769 7.080382
61 person -3.992638 0.469722 13.838196
61 person -4.551489 0.454203 13.380986
62 person 4.506049 0.630147 7.072139
62 person -2.086629 0.473437 12.397893
62 person -1.391793 0.510324 13.120881
62 person -3.731779 0.485032 13.997622
62 bird 1.204894 0.312131 4.746068
62 person -4.743881 0.402179 12.925464
62 person -6.239940 0.247020 15.187420
62 car 17.320924 0.650390 24.203058
62 person -4.286390 0.384430 13.590532
62 bench 5.070571 0.961042 10.141850
62 bicycle -4.797656 0.656713 12.898021
63 person 4.516183 0.596939 6.919098
63 person -1.969363 0.496698 12.322450
63 person -4.640405 0.453165 12.816388
63 person -1.297079 0.478355 13.008496
63 person -3.550575 0.539452 13.869789
63 person -6.211345 0.281350 15.302186
63 bird 1.214963 0.315488 4.746068
63 person -4.181440 0.410507 13.499928
63 person -4.000053 0.563253 13.499928
63 person -3.860595 0.532162 13.682360
63 bench 5.193672 0.926169 10.074574
64 person 4.529894 0.587120 6.749964
64 person -1.174119 0.436881 12.870694
64 person -4.575195 0.432302 12.735782
64 person -1.864464 0.472560 12.149936
64 bird 1.214963 0.315488 4.746068
64 person -6.031330 0.296276 14.962975
64 person -3.436800 0.556527 13.806745
64 person -3.954596 0.559523 13.410525
64 bench 5.499464 0.933596 10.314037
65 person -1.728669 0.470677 12.101529
65 person -1.064975 0.460286 12.762537
65 person 4.727497 0.569007 6.705263
65 bird 1.211606 0.312131 4.746068
65 person -4.494139 0.459321 12.735782
65 person -5.874336 0.292672 14.780944
65 person -3.326248 0.552758 13.713245
65 person -3.884183 0.580288 13.235224
65 bicycle -4.512151 0.567396 12.735782
65 bicycle -5.874336 0.501723 14.780944
65 car 14.774871 0.572800 23.823402
65 handbag 4.582082 0.705669 6.742473
65 car 15.623344 0.520219 23.730343
66 person -0.986555 0.529152 12.682605
66 person -1.658852 0.493402 12.029639
66 person 4.946484 0.556889 6.617612
66 person -4.287106 0.435826 12.577573
66 bird 1.231744 0.312131 4.746068
66 handbag 4.693427 0.671841 6.690493
66 person -5.835487 0.395274 14.709365
66 person -3.219598 0.528591 13.590532
66 car 14.738846 0.560348 24.011730
66 car 16.290433 0.567072 24.299871
66 person -3.626494 0.464935 13.149281
66 person -3.813512 0.408259 13.120881
66 person -5.606644 0.322460 14.709365
67 person 5.024292 0.594618 6.518206
67 person -4.172501 0.423425 12.474266
67 person -0.931983 0.505934 12.551586
67 person -1.519214 0.464204 11.935103
67 bird 1.211606 0.318844 4.746068
67 person -3.069929 0.551257 13.440194
67 car 16.768259 0.606290 24.495838
67 person -5.769507 0.363188 14.673835
67 person -3.569268 0.579546 13.008496
67 car 14.376379 0.558142 23.917196
67 person -3.791128 0.458974 12.980700
68 person 4.993874 0.611772 6.408194
68 person -0.710083 0.488182 12.551586
68 person -1.368047 0.483821 11.796054
68 car 16.976964 0.603855 24.397461
68 bird 1.208250 0.318844 4.746068
68 person -4.077707 0.454049 12.347495
68 person -5.516105 0.399866 14.498730
68 person -2.936387 0.575947 13.351578
68 person -3.486475 0.524351 13.008496
68 bench 5.833365 1.099144 10.158809
68 car 14.274898 0.541228 23.917196
68 person -3.773885 0.457996 12.953023
69 person 5.036690 0.574596 6.347929
69 person -1.249896 0.496647 11.705140
69 bird 1.211606 0.318844 4.746068
69 car 17.080897 0.618624 24.299871
69 person -3.907026 0.492700 12.223275
69 person -2.804594 0.544035 13.264122
69 person -0.508506 0.473437 12.397893
69 person -5.377581 0.414438 14.294042
69 person -3.320051 0.601987 12.898021
69 car 13.970457 0.558142 23.917196
70 person -1.199266 0.509277 11.615617
70 bird 1.211606 0.318844 4.746068
70 person -3.824383 0.514491 12.125684
70 car 17.098422 0.616159 24.203058
70 person -5.359963 0.301121 14.193850
70 person -2.670991 0.522991 13.206451
70 person -0.496698 0.505412 12.322450
70 person -3.276151 0.568588 12.762537
70 person 5.165004 0.659552 6.301834
70 car 14.021197 0.558142 23.917196
71 person -1.121051 0.548251 11.571367
71 person -0.337111 0.527276 12.223275
71 bird 1.214963 0.312131 4.746068
71 person -5.295070 0.319702 14.127832
71 car 16.994217 0.621108 24.397461
71 person -3.743050 0.518923 12.029639
71 person -2.583155 0.537000 13.092603
71 person -3.117056 0.553746 12.629870
71 car 14.308725 0.558142 23.917196
72 bird 1.211606 0.315488 4.746068
72 person -0.256223 0.512445 12.077471
72 person -5.216572 0.336553 13.997622
72 person -3.598215 0.420352 11.888391
72 car 17.063713 0.601440 24.299871
72 person -2.441744 0.541590 12.980700
72 person -3.005432 0.574568 12.499933
72 person -0.941258 0.490742 11.376344
72 car 14.269459 0.555953 23.823402
72 person -4.787533 0.422719 13.901528
72 person -3.942334 0.509695 14.709365
73 person -0.873627 0.448836 11.333895
73 bird 1.211606 0.318844 4.746068
73 person -0.152822 0.458466 12.005865
73 person -3.468560 0.417899 11.819003
73 car 16.994217 0.621108 24.397461
73 person -2.855215 0.562258 12.423247
73 person -5.143376 0.344862 13.933413
73 person -2.321668 0.530145 12.925464
73 car 14.342552 0.558142 23.917196
74 person -3.377202 0.480092 11.705140
74 bird 1.208250 0.315488 4.746068
74 person -2.762337 0.566410 12.322450
74 person -0.693417 0.446338 11.270812
74 person -0.066864 0.442973 11.819003
74 car 17.080482 0.603855 24.397461
74 person -4.989218 0.361255 13.806745
74 person -2.170706 0.535865 12.843484
74 car 14.382261 0.560348 24.011730
74 person -4.666177 0.389660 13.775437
74 person -4.538987 0.408217 13.744271
75 person -3.226115 0.510253 11.637869
75 bird 1.208250 0.318844 4.746068
75 person -4.908326 0.349900 13.744271
75 person -0.608074 0.489618 11.167220
75 person -2.629152 0.575664 12.149936
75 car 17.097735 0.603855 24.397461
75 person -2.062440 0.567396 12.735782
75 person 0.024595 0.491908 11.593450
75 car 14.286306 0.555953 23.823402
75 person -4.334703 0.445081 13.682360
76 person -0.515520 0.554575 11.045396
76 bird 1.211606 0.312131 4.746068
76 person 0.134004 0.543897 11.146729
76 person -3.174949 0.531886 11.571367
76 person -2.528064 0.555149 12.077471
76 person -4.807659 0.376503 13.651613
76 car 17.080482 0.603855 24.397461
76 person -1.934091 0.534772 12.603667
76 car 14.269459 0.555953 23.823402
76 person -3.048114 0.061371 28.928417
77 person -0.395480 0.527307 10.965646
77 bird 1.211606 0.315488 4.746068
77 person -1.829778 0.574568 12.499933
77 person -4.696960 0.410507 13.499928
77 car 17.097735 0.603855 24.397461
77 person -2.998334 0.580323 11.397688
77 person 0.194918 0.514584 11.025350
77 person -2.381018 0.533823 11.982185
77 car 14.269459 0.555953 23.823402
77 person -4.073460 0.483784 13.682360
77 person -3.033668 0.081441 28.791317
78 person -2.864000 0.472000 11.312789
78 bird 1.211606 0.318844 4.746068
78 person -0.291514 0.552343 10.848157
78 person -2.265929 0.572800 11.911701
78 person -1.753469 0.604947 12.397893
78 car 17.132241 0.603855 24.397461
78 person -4.552053 0.445722 13.410525
78 car 14.325638 0.558142 23.917196
78 person -4.522673 0.420965 15.263738
78 person 0.324518 0.486777 10.926201
78 person -4.257813 0.410507 13.499928
79 person -2.740279 0.465926 11.167220
79 bird 1.214963 0.318844 4.746068
79 person -0.090921 0.492487 10.714229
79 person -2.114438 0.553781 11.865171
79 car 17.132241 0.603855 24.397461
79 person -4.427319 0.440856 13.264122
79 person -1.580439 0.488976 12.347495
79 person -4.381706 0.353536 15.149546
79 car 14.269459 0.555953 23.823402
79 person 0.225397 0.208576 4.757218
80 person -2.610526 0.501723 11.085708
80 bird 1.214963 0.315488 4.746068
80 person -2.069666 0.585443 11.660207
80 person 0.022414 0.478164 10.565162
80 car 17.114988 0.603855 24.397461
80 person -1.489742 0.571645 12.247919
80 person -4.370551 0.400712 13.177804
80 person 0.242028 0.221859 4.753496
80 car 14.286306 0.555953 23.823402
80 person -4.252932 0.484511 15.225483
80 person -2.304218 0.058582 27.613489
81 person -2.520217 0.504043 10.965646
81 person 0.143958 0.545524 10.714229
81 person -1.363401 0.531641 12.125684
81 bird 1.214963 0.315488 4.746068
81 car 17.097735 0.603855 24.397461
81 person -1.988434 0.580983 11.571367
81 person -4.286761 0.360310 13.064446
81 car 14.325638 0.558142 23.917196
81 person -4.349300 0.447722 15.074362
82 person 0.159392 0.546488 10.733159
82 person -2.455957 0.554323 10.887039
82 person -1.242012 0.535937 12.029639
82 bird 1.211606 0.315488 4.746068
82 person -1.852701 0.525876 11.440618
82 car 17.114988 0.603855 24.397461
82 person -4.122701 0.373962 12.898021
82 car 14.308725 0.558142 23.917196
82 person -4.073793 0.539645 14.962975
82 person -3.810525 0.403036 12.953023
82 person -1.878338 0.055792 26.298561
83 person -2.338426 0.517957 10.771219
83 person -1.700833 0.535004 11.291761
83 bird 1.214963 0.318844 4.746068
83 person 0.218186 0.571797 10.639173
83 car 17.097735 0.603855 24.397461
83 person -1.190051 0.548605 11.935103
83 person -4.024674 0.370813 12.789406
83 car 14.342552 0.558142 23.917196
83 person -4.020887 0.518483 14.962975
84 person -1.638844 0.588711 11.249940
84 person -2.212176 0.490756 10.676569
84 bird 1.231744 0.315488 4.746068
84 car 17.097735 0.603855 24.397461
84 person -4.006585 0.343680 12.789406
84 person -1.067744 0.517188 11.796054
84 person -3.821012 0.401101 14.926210
84 person 0.211940 0.228761 4.757218
84 car 14.286306 0.555953 23.823402
85 person -2.084049 0.549226 10.639173
85 person 0.252904 0.256276 4.768421
85 person -1.518549 0.629451 11.126314
85 person -3.728802 0.430650 14.853222
85 car 17.097735 0.603855 24.397461
85 person -3.881711 0.351245 12.735782
85 bird 1.221675 0.315488 4.746068
85 person -0.862517 0.547367 11.727737
85 car 14.325638 0.558142 23.917196
85 person -2.464791 0.448144 10.926201
85 bicycle -0.920571 0.738116 11.727737
86 person -1.953408 0.538871 10.583568
86 bird 1.218319 0.315488 4.746068
86 person -3.715460 0.428707 12.629870
86 person -1.421642 0.605946 10.985476
86 car 17.184001 0.606290 24.495838
86 person -0.803450 0.508305 11.593450
86 person -3.659942 0.406660 14.745068
86 person 0.252508 0.265975 4.760947
86 car 14.325638 0.558142 23.917196
86 bicycle -3.724391 0.464432 12.629870
87 person -1.857928 0.565456 10.384561
87 person -3.644558 0.387344 12.448705
87 person -0.698405 0.544106 11.483871
87 person -1.285720 0.585118 10.887039
87 car 17.063229 0.603855 24.397461
87 bird 1.221675 0.315488 4.746068
87 person -3.585151 0.463597 14.568268
87 car 14.308725 0.558142 23.917196
87 person -3.480173 0.206538 14.603288
88 person -1.766376 0.574254 10.279133
88 bird 1.211606 0.318844 4.746068
88 person -0.571191 0.611416 11.376344
88 person -1.114060 0.579922 10.790351
88 car 17.114988 0.603855 24.397461
88 person -3.526045 0.463723 12.372643
88 person -3.534298 0.548426 14.361626
88 car 14.325638 0.558142 23.917196
89 person -1.599346 0.552240 10.141850
89 bird 1.211606 0.318844 4.746068
89 car 17.097735 0.603855 24.397461
89 person -0.992550 0.568254 10.714229
89 person -0.440000 0.560000 11.312789
89 person -3.363602 0.435700 12.322450
89 car 14.342552 0.558142 23.917196
89 bicycle -3.363602 0.470556 12.322450
89 person -3.073561 0.462780 12.347495
90 bird 1.211606 0.318844 4.746068
90 car 17.046529 0.601440 24.299871
90 person -1.533779 0.525461 10.041269
90 person -0.872743 0.609415 10.639173
90 person -3.269446 0.396819 12.198730
90 bicycle -3.243566 0.474458 12.198730
90 car 14.213719 0.553781 23.730343
90 person -0.347471 0.418544 11.167220
90 person -3.242075 0.240897 14.193850
91 person -0.825010 0.550007 10.510324
91 person -1.441375 0.541394 9.942664
91 bird 1.211606 0.318844 4.746068
91 person -0.172153 0.524284 11.065516
91 car 17.132241 0.603855 24.397461
91 person -3.198419 0.351569 12.125684
91 person -3.154406 0.470657 14.160764
91 car 14.308725 0.558142 23.917196
91 person -2.450863 0.465944 13.177804
92 person -1.288104 0.591831 9.845977
92 bird 1.214963 0.318844 4.746068
92 car 17.114988 0.621108 24.397461
92 person -0.618978 0.574765 10.420185
92 person -0.030851 0.524467 10.906585
92 person -3.084308 0.423669 11.982185
92 car 14.342552 0.558142 23.917196
92 person -3.040989 0.463389 13.651613
92 bicycle -3.033468 0.491456 11.982185
93 person -1.183452 0.533580 9.673515
93 bird 1.214963 0.318844 4.746068
93 car 17.080482 0.586602 24.397461
93 person -0.526937 0.512300 10.349178
93 person -2.976094 0.395131 11.888391
93 person 0.030254 0.484056 10.695366
93 car 14.269459 0.555953 23.823402
93 person -2.043552 0.508617 12.843484
93 bicycle -2.948235 0.480141 11.911701
93 bicycle -2.885934 0.742635 13.293146
93 person -2.972635 0.474041 13.965444
94 person -1.038370 0.570085 9.597105
94 person -0.426707 0.556889 10.227219
94 bird 1.214963 0.318844 4.746068
94 person 0.138333 0.522590 10.867563
94 car 17.012161 0.601440 24.299871
94 person -1.949445 0.424185 12.762537
94 person -2.804687 0.466036 11.982185
94 car 14.342552 0.558142 23.917196
94 person -2.890396 0.494931 13.997622
95 person -0.344829 0.596268 10.158809
95 person -0.910455 0.532785 9.536841
95 car 17.149495 0.621108 24.397461
95 bird 1.218319 0.315488 4.746068
95 person -1.829612 0.448434 12.682605
95 car 14.325638 0.558142 23.917196
95 person -2.670487 0.431259 11.727737
95 person 0.326830 0.559243 10.270452
96 person -0.785363 0.563850 9.492137
96 person -0.219762 0.595485 10.024699
96 car 17.097735 0.621108 24.397461
96 bird 1.211606 0.315488 4.746068
96 person -1.695322 0.479306 12.551586
96 person 0.378849 0.514662 10.108099
96 car 14.308725 0.558142 23.917196
96 bicycle -2.608874 0.567862 11.637869
96 person -2.608874 0.469103 11.637869
97 person -0.627056 0.593702 9.433180
97 bird 1.214963 0.315488 4.746068
97 car 17.080482 0.603855 24.397461
97 person -1.652988 0.459654 12.499933
97 person -0.083824 0.565815 9.877996
97 bicycle -2.384852 0.530875 11.549369
97 person -3.035217 0.457617 13.206451
97 car 14.325638 0.558142 23.917196
97 person -2.347719 0.448349 11.527453
97 person 0.207843 0.310003 4.981524
98 person -0.570148 0.583407 9.374950
98 person -1.522967 0.457771 12.448705
98 bird 1.218319 0.312131 4.746068
98 car 17.080482 0.603855 24.397461
98 person -3.063235 0.476296 13.206451
98 person -2.164150 0.508737 11.419112
98 car 14.342552 0.558142 23.917196
98 person 0.068957 0.489592 9.751152
98 person 0.235489 0.201848 4.757218
99 person -0.462847 0.554112 9.218464
99 bird 1.214963 0.315488 4.746068
99 person -2.996994 0.454652 13.120881
99 car 17.063229 0.621108 24.397461
99 person -1.452416 0.524969 12.372643
99 person -2.104000 0.560000 11.312789
99 person 0.128340 0.547132 9.551836
99 car 14.325638 0.558142 23.917196
99 person -2.720495 0.476316 12.953023
100 person -0.322039 0.528144 9.107898
100 bird 1.218319 0.315488 4.746068
100 car 17.184001 0.606290 24.495838
100 person -1.304453 0.469603 12.297505
100 person -2.873180 0.449795 12.980700
100 person 0.250189 0.599136 9.310301
100 person -2.084590 0.531055 11.208427
100 car 14.342552 0.558142 23.917196
100 person -1.830952 0.404236 11.208427
101 person -0.158407 0.544920 8.960130
101 person -1.229903 0.433065 12.247919
101 bird 1.214963 0.318844 4.746068
101 car 17.114988 0.603855 24.397461
101 person 0.299573 0.662884 9.013306
101 person -2.037033 0.507277 11.208427
101 car 14.286306 0.555953 23.823402
101 person -2.712305 0.455085 12.870694
102 person -0.018815 0.576981 8.868567
102 person -1.157605 0.505916 12.125684
102 bird 1.218319 0.315488 4.746068
102 car 17.080482 0.603855 24.397461
102 person -1.813348 0.529217 11.005377
102 person -2.631865 0.488387 12.789406
102 car 14.269459 0.555953 23.823402
102 person 0.422661 0.574062 8.920657
103 person 0.086043 0.571571 8.690941
103 person -0.978297 0.442360 12.029639
103 person -2.593811 0.459321 12.735782
103 person -1.656476 0.495395 10.945888
103 bird 1.225031 0.312131 4.746068
103 car 17.114988 0.603855 24.397461
103 car 14.308725 0.558142 23.917196
104 person -0.940544 0.372828 11.982185
104 person 0.139757 0.559027 8.592600
104 bird 1.221675 0.315488 4.746068
104 person -2.463752 0.435826 12.577573
104 car 17.114988 0.603855 24.397461
104 person -1.580314 0.513986 10.848157
104 car 14.325638 0.558142 23.917196
105 person 0.303694 0.588407 8.946934
105 person -0.879298 0.460585 11.842042
105 bird 1.221675 0.315488 4.746068
105 person -2.394492 0.484180 12.448705
105 person -1.559402 0.550377 10.809551
105 car 16.994977 0.601440 24.299871
105 car 14.342552 0.558142 23.917196
105 person -1.388990 0.379505 10.733159
106 person 0.214968 0.322452 4.749779
106 person -0.757628 0.391302 11.773193
106 person -2.297045 0.455902 12.397893
106 person -1.447074 0.572800 10.657838
106 car 17.080482 0.603855 24.397461
106 bird 1.225031 0.315488 4.746068
106 car 14.325638 0.558142 23.917196
106 person -1.995505 0.540268 12.322450
107 person -2.239497 0.392130 12.322450
107 person -0.620809 0.438705 11.705140
107 car 17.097735 0.603855 24.397461
107 bird 1.204894 0.322200 4.746068
107 person -1.297047 0.532314 10.602038
107 person 0.245006 0.325556 4.746068
107 car 14.308725 0.558142 23.917196
108 person -2.135034 0.414905 12.223275
108 person -1.234823 0.502802 10.456055
108 person -0.443564 0.435350 11.615617
108 car 17.097735 0.603855 24.397461
108 person 3.740328 0.615421 8.449190
108 bird 1.214963 0.315488 4.746068
108 car 14.325638 0.558142 23.917196
109 person -2.057964 0.420168 12.125684
109 person -0.400198 0.465536 11.549369
109 person -1.123569 0.550769 10.384561
109 car 17.097735 0.621108 24.397461
109 person 3.680627 0.609568 8.209415
109 bird 1.204894 0.318844 4.746068
109 car 14.325638 0.558142 23.917196
109 person -0.913701 0.528985 11.333895
110 person -1.965101 0.416840 12.029639
110 person -1.010396 0.566985 10.279133
110 person -0.298221 0.459422 11.397688
110 car 17.097735 0.621108 24.397461
110 person 3.511897 0.635013 7.808442
110 bird 1.211606 0.312131 4.746068
110 car 14.291812 0.541228 23.917196
111 person -1.843559 0.422835 11.958598
111 person -0.176000 0.456000 11.312789
111 person -0.933913 0.517244 10.158809
111 person 3.562670 0.569152 7.738812
111 car 17.097735 0.621108 24.397461
111 bird 1.211606 0.312131 4.746068
111 car 14.325638 0.575055 23.917196
112 person -0.134745 0.435941 11.208427
112 person 3.773955 0.609053 7.689833
112 person -0.863482 0.506671 10.091309
112 person -1.728469 0.453094 11.865171
112 bird 1.218319 0.318844 4.746068
112 car 17.080482 0.603855 24.397461
112 person -8.818105 0.129203 45.676449
112 car 14.370541 0.555953 23.823402
113 person -0.726581 0.543172 9.975317
113 person 3.725687 0.538333 7.537181
113 person -1.608927 0.481019 11.727737
113 car 17.114988 0.621108 24.397461
113 person -0.007839 0.486044 11.085708
113 person -8.950000 0.162727 46.022484
113 car 14.308725 0.575055 23.917196
113 bird 1.221675 0.308775 4.746068
114 person -0.587726 0.573733 9.894084
114 person 3.789346 0.569985 7.463105
114 person 0.085920 0.476465 11.045396
114 person -1.520123 0.446123 11.682631
114 car 17.080482 0.621108 24.397461
114 person -4.879407 0.088395 24.999866
114 car 14.376379 0.575055 23.917196
114 bird 1.225031 0.302063 4.746068
115 person -1.440230 0.427954 11.637869
115 person -0.562158 0.562158 9.814164
115 person 3.776532 0.597388 7.345789
115 person 0.148949 0.486044 11.085708
115 car 16.890699 0.621108 24.397461
115 person -4.859410 0.123246 24.897409
115 bird 1.221675 0.308775 4.746068
115 car 14.336847 0.572800 23.823402
116 person -1.306050 0.468207 11.615617
116 person -0.468154 0.543885 9.735525
116 person 0.172947 0.463498 9.782557
116 car 16.874689 0.601440 24.299871
116 person 3.969075 0.531253 7.223505
116 person -4.781032 0.121258 24.495838
116 bird 1.218319 0.312131 4.746068
117 person 4.275567 0.536361 7.223505
117 person -1.226269 0.446654 11.483871
117 car 16.994217 0.621108 24.397461
117 person -0.354029 0.483385 9.627524
117 bird 1.214963 0.315488 4.746068
117 person 0.304386 0.428908 9.782557
117 bench 4.833000 0.932684 9.991723
117 person -4.631625 0.151031 23.730343
117 bicycle -0.342038 0.923503 9.673515
118 person 4.176251 0.568808 7.055712
118 person -0.277380 0.487106 9.566878
118 person -1.116475 0.444972 11.440618
118 bird 1.221675 0.312131 4.746068
118 car 17.442796 0.672867 24.397461
118 person 0.318976 0.624379 9.597105
118 person -4.495814 0.233116 23.546387
118 bench 4.860053 0.964916 10.032984
119 person 4.355392 0.593917 6.998811
119 person -0.120261 0.574582 9.447850
119 bird 1.214963 0.312131 4.746068
119 person -0.941258 0.394202 11.376344
119 car 18.481567 0.648784 24.795786
119 person 5.047157 -0.164637 7.275411
119 person 0.227691 0.247782 4.734971
119 bench 4.866453 0.929626 9.958963
120 person 4.354449 0.623456 6.887719
120 person -0.889657 0.472881 11.333895
120 person -0.027407 0.582392 9.688944
120 bird 1.221675 0.312131 4.746068
120 person -3.230592 0.223392 24.299871
120 person 0.225751 0.299878 4.764680
120 person 32.084812 -0.660923 42.482292
121 person 4.438409 0.598117 6.712672
121 person -0.787600 0.453467 11.249940
121 person 0.156668 0.700883 11.660207
121 bird 1.225031 0.315488 4.746068
121 person -3.097116 0.283070 23.546387
121 bench 5.290641 0.917044 9.975317
121 person -0.156668 0.585443 11.660207
121 person -3.965538 0.267516 22.252628
121 person 0.214716 0.322074 4.744216
122 person -0.677901 0.425659 11.146729
122 person 4.632209 0.565017 6.603226
122 person -2.940228 0.212350 23.098738
122 bird 1.204894 0.322200 4.746068
122 person -0.073227 0.423091 11.505621
122 bicycle 4.438973 0.973578 9.627524
122 person -3.805029 0.245486 21.696314
122 bicycle 0.268500 0.724136 11.505621
123 person 4.756286 0.543974 6.574640
123 person -0.584755 0.452211 11.025350
123 person -2.864000 0.286400 22.499880
123 person -0.056420 0.515842 11.397688
123 bird 1.198181 0.322200 4.746068
123 person 0.395684 0.573338 11.419112
123 person -3.559972 0.315441 21.241146
123 car 14.810335 0.585058 23.638006
123 bicycle 4.574875 0.929583 9.389441
123 person 33.616952 -0.300420 42.482292
124 person 4.863915 0.586235 6.476511
124 person -0.449762 0.465271 10.965646
124 person -2.790832 0.344934 22.171415
124 person -3.469279 0.398598 20.876179
124 person 0.105175 0.558237 11.440618
124 bicycle 4.791693 0.687360 9.346105
124 car 16.242646 0.564813 24.203058
124 person 0.217986 0.318595 4.742363
124 person 3.289125 0.666087 7.301644
124 person 4.606157 0.468535 9.331748
125 person 4.912304 0.589114 6.408194
125 person -0.361202 0.476479 10.867563
125 person 0.184444 0.514905 10.867563
125 person -3.344537 0.331570 20.385798
125 person -2.599004 0.321053 21.619102
125 car 16.922049 0.593756 24.694990
125 person 0.399972 0.644400 10.474082
125 car 14.501123 0.560348 24.011730
125 person -2.963791 0.344279 21.167135
125 bird 1.201538 0.305419 4.746068
126 person 4.894514 0.580780 6.269317
126 person -0.304681 0.487489 10.771219
126 car 16.824574 0.616159 24.203058
126 person 0.324084 0.580337 10.657838
126 person -2.401583 0.283417 21.093637
126 person 3.194966 0.683231 6.950764
126 person -3.144785 0.393098 19.852837
126 bicycle 5.239485 0.905745 8.894535
126 person -1.724346 -0.014865 21.020649
126 person 3.765696 0.551731 7.574773
126 person 5.164071 0.354832 8.960130
126 bird 1.194825 0.315488 4.746068
126 person -2.783123 0.356811 20.182617
127 person 4.949928 0.571645 6.123960
127 person -0.173044 0.436371 10.639173
127 person 2.937244 0.614355 6.341302
127 person 0.396669 0.478997 10.583568
127 person 5.219671 0.291359 8.766188
127 person -2.513617 0.000000 32.313660
127 person -2.287290 0.337229 20.733679
127 car 17.235144 0.630762 24.107016
127 person 3.519378 0.609501 6.950764
127 bird 1.201538 0.305419 4.746068
127 person -3.038971 0.372965 19.533659
127 bicycle 5.442422 0.795099 8.715879
127 person -2.067358 0.205270 20.733679
128 person 2.888994 0.617495 6.237133
128 person -0.081758 0.423654 10.510324
128 person 0.238083 0.213575 4.951074
128 person 5.092375 0.588433 6.256403
128 person 3.713492 0.592217 6.864370
128 person -2.922911 0.285494 19.224581
128 bird 1.201538 0.312131 4.746068
128 person 5.454472 0.380124 8.532258
128 person -1.961840 0.229120 20.249893
128 car 17.843623 0.693449 23.917196
128 person -2.474136 0.112461 31.806114
129 person 0.229120 0.232489 4.764680
129 person 3.151284 0.592247 6.249967
129 person 0.014865 0.468249 10.510324
129 person 5.834074 0.447868 8.333289
129 person -2.767362 0.289914 18.634871
129 bird 1.204894 0.312131 4.746068
129 person 6.564423 0.996986 7.920427
129 person -1.740863 0.224627 19.852837
129 person 3.651837 0.639427 6.697870
129 backpack 5.569986 0.041479 8.379266
130 person 3.168681 0.591951 6.154983
130 person 0.140974 0.452601 10.492172
130 person 6.190792 0.426755 8.046315
130 person -2.634707 0.389366 18.353376
130 bicycle 5.991640 0.984382 8.046315
130 bird 1.208250 0.315488 4.746068
130 person -1.582019 0.395505 19.285612
130 person 3.827005 0.623764 6.632061
131 person 3.405205 0.618729 6.205278
131 bird 1.208250 0.315488 4.746068
131 person 0.221443 0.487175 10.438089
131 car 16.771585 0.601440 24.299871
131 person -1.449900 0.349050 18.984274
131 person 6.318955 0.450163 7.858949
131 person -2.489153 0.353788 17.867552
131 bicycle 6.241571 1.074000 7.951529
131 person 4.321152 0.583532 7.113545
132 person 3.467330 0.628045 6.167480
132 person 0.240693 0.576204 10.314037
132 car 17.184001 0.698952 24.107016
132 bird 1.204894 0.315488 4.746068
132 person -2.401798 0.383793 17.507113
132 person -1.283561 0.419122 18.521244
132 bicycle 6.424397 1.114608 7.920427
132 person 6.493569 0.302923 7.788420
132 person -1.736681 0.443964 18.464947
133 person 3.879687 0.620041 6.262853
133 bird 1.214963 0.318844 4.746068
133 person 0.492764 0.456926 12.669394
133 person -2.238761 0.411448 17.112585
133 person -1.109478 0.425730 18.243147
133 car 17.389387 0.667506 24.203058
133 bicycle 6.639273 1.199532 7.889568
134 person 3.835564 0.595611 5.973420
134 bird 1.214963 0.318844 4.746068
134 person -2.159867 0.427227 16.781679
134 person -0.944868 0.327554 17.815155
134 person 0.330930 0.553196 6.984589
135 person 3.932492 0.578308 5.841315
135 bird 1.235100 0.318844 4.746068
135 person -2.010160 0.402032 16.243229
135 person -0.790069 0.370345 17.456804
136 person 3.905092 0.558440 5.640639
136 bird 1.214963 0.318844 4.746068
136 person -1.905575 0.451024 15.944798
136 person -0.615438 0.349955 17.064516
136 bicycle -0.565580 0.818286 17.016716
136 person 4.494211 0.586014 6.093247
137 person 3.988298 0.575956 5.578483
137 bird 1.214963 0.315488 4.746068
137 person -1.790916 0.461463 15.537002
137 bicycle -0.437884 0.816595 16.735449
137 person -0.437884 0.319537 16.735449
137 car 14.736280 0.549488 23.546387
137 bicycle -1.823877 0.670220 15.537002
138 person 4.128571 0.583962 5.774684
138 bird 1.214963 0.315488 4.746068
138 car 16.250087 0.560348 24.011730
138 person -0.255438 0.348324 16.418831
138 person -1.668872 0.419910 15.225483
138 bicycle -1.686180 0.794760 15.187420
138 bicycle -0.220011 0.358965 16.374577
138 car 14.421082 0.572800 23.823402
138 bicycle -0.375607 0.833377 16.598272
139 person 4.059453 0.553215 5.395175
139 bird 1.221675 0.315488 4.746068
139 car 16.905717 0.573960 24.595011
139 person -0.161244 0.368558 16.286777
139 bicycle -1.494715 0.825752 14.780944
139 person -1.466927 0.345776 14.816995
139 bicycle -0.173226 0.773742 16.330559
139 person -1.320330 0.098532 27.866825
139 car 14.038111 0.558142 23.917196
140 person 4.179689 0.517771 5.305649
140 bird 1.218319 0.315488 4.746068
140 car 16.874689 0.635808 24.299871
140 bicycle -1.350171 0.767143 14.464209
140 bicycle -0.045702 0.822638 16.156830
140 person 0.011426 0.377043 16.156830
140 person -1.353394 0.430625 14.498730
140 car 14.004284 0.558142 23.917196
140 person -1.294685 0.137315 27.739578
140 bicycle -0.410119 0.748468 14.498730
141 person 4.341063 0.525734 5.310287
141 bird 1.218319 0.315488 4.746068
141 car 17.166817 0.652992 24.299871
141 bicycle -1.188893 0.749302 14.127832
141 person -1.151608 0.440615 14.160764
141 car 13.835150 0.575055 23.917196
141 car 4.265260 0.126805 5.433782
142 bird 1.218319 0.315488 4.746068
142 person -0.988374 0.430579 13.838196
142 car 17.149633 0.635808 24.299871
142 person 0.971714 1.943429 72.321045
142 person 4.372714 0.655907 5.424078
142 bicycle 0.971714 3.784572 72.321045
142 bicycle -1.025182 0.654164 13.806745
142 car 13.804933 0.577328 24.011730
142 car 19.487904 0.623613 24.495838
142 person -6.149604 0.043614 30.837400
143 bird 1.221675 0.318844 4.746068
143 car 17.114988 0.621108 24.397461
143 person -0.815089 0.450696 13.560196
143 bicycle -0.822842 0.669755 13.529995
143 car 14.004284 0.575055 23.917196
143 person -6.140243 0.108485 30.681656
144 bird 1.225031 0.318844 4.746068
144 car 17.080482 0.603855 24.397461
144 bicycle 0.175347 0.263020 4.768421
144 person -0.665974 0.440856 13.264122
144 bicycle -0.694114 0.581555 13.264122
144 person 0.165361 0.124864 4.772166
144 car 14.156505 0.558142 23.917196
145 bird 1.221675 0.315488 4.746068
145 person -0.510777 0.401325 12.898021
145 car 17.114988 0.603855 24.397461
145 car 14.016753 0.555953 23.823402
145 bicycle -0.535865 0.862833 12.843484
145 person -5.774624 0.119888 28.255665
146 car 17.097735 0.603855 24.397461
146 bird 1.228388 0.315488 4.746068
146 person 0.232124 0.143371 4.827150
146 person -0.337988 0.418037 12.577573
146 bicycle -0.345452 0.832627 12.525706
146 bicycle 0.218383 0.228620 4.825233
146 car 14.156505 0.558142 23.917196
147 car 17.097735 0.603855 24.397461
147 bird 1.282088 0.308775 4.746068
147 person -0.209561 0.401659 12.347495
147 bicycle -0.209561 0.873171 12.347495
147 car 14.122678 0.575055 23.917196
148 car 17.114988 0.621108 24.397461
148 person 3.180740 0.530123 7.072139
148 bicycle 0.000000 0.879904 12.198730
148 person -0.025673 0.376542 12.101529
148 bird 1.218319 0.312131 4.746068
148 car 14.122678 0.575055 23.917196
149 car 17.097735 0.621108 24.397461
149 bird 1.218319 0.312131 4.746068
149 bicycle 0.136652 0.879698 12.077471
149 person 0.126601 0.472644 11.935103
149 car 14.156505 0.558142 23.917196
150 person 3.212236 0.532118 6.903372
150 car 17.114988 0.621108 24.397461
150 bicycle 0.264763 0.862616 12.077471
150 person 0.273304 0.486823 12.077471
150 car 14.122678 0.558142 23.917196
150 bird 1.218319 0.312131 4.746068
151 person 3.258202 0.617852 6.825807
151 car 17.114988 0.621108 24.397461
151 car 14.207245 0.558142 23.917196
151 bird 1.221675 0.312131 4.746068
152 person 3.344505 0.608957 6.727539
152 car 17.114988 0.621108 24.397461
152 bicycle 0.174935 0.269131 4.757218
152 car 14.163375 0.553781 23.730343
152 bird 1.218319 0.308775 4.746068
152 person 3.543486 0.157171 6.734998
153 person 3.299216 0.617726 6.617612
153 car 17.097735 0.621108 24.397461
153 bird 1.218319 0.308775 4.746068
153 car 13.870419 0.516186 23.546387
153 bicycle 0.198329 0.268920 4.753496
153 person -5.523429 0.314725 22.252628
153 person 0.225397 0.191756 4.757218
153 person 3.525344 0.530168 7.728967
154 car 17.045976 0.603855 24.397461
154 person 3.387676 0.593191 6.553363
154 person -5.512430 0.323355 21.774078
154 bird 1.221675 0.315488 4.746068
154 person 3.642144 0.475532 7.641469
154 car 14.569044 0.560348 24.011730
154 bicycle 0.215305 0.413789 4.757218
154 person 0.228761 0.279223 4.757218
155 car 16.994217 0.621108 24.397461
155 person 3.722127 0.514876 7.584229
155 person -5.407034 0.281462 20.948164
155 bird 1.218319 0.312131 4.746068
155 person 3.560196 0.525574 6.462732
156 person 3.699082 0.583352 6.394703
156 person 3.719320 0.539645 7.481487
156 car 16.960609 0.618624 24.299871
156 bird 1.221675 0.315488 4.746068
156 person -5.298400 0.329360 20.249893
157 person 3.864151 0.611786 6.361223
157 person 3.741340 0.575591 7.399474
157 car 16.943425 0.601440 24.299871
157 person -5.366479 0.295790 19.917927
157 bird 1.214963 0.315488 4.746068
158 person 3.864174 0.618802 6.295303
158 car 17.029960 0.581928 24.203058
158 person 3.882923 0.531837 7.301644
158 person -5.315620 0.326278 19.224581
158 bird 1.201538 0.315488 4.746068
159 person 3.882670 0.598010 6.217981
159 person 4.041498 0.549725 7.197829
159 bird 1.214963 0.315488 4.746068
159 person -5.340259 0.502302 18.692209
159 car 17.388572 0.664857 24.107016
159 bench 4.819903 0.950010 9.877996
159 person 3.740534 0.384099 8.356215
160 person 4.065780 0.582067 6.142536
160 person 4.174558 0.536367 7.155439
160 person 3.740183 0.521078 8.187288
160 bird 1.208250 0.318844 4.746068
160 person -5.267714 0.345214 18.080261
161 person 4.255850 0.511907 7.096925
161 person 3.805355 0.593339 8.067686
161 person 4.141807 0.591075 6.056798
161 person -5.258897 0.283931 17.456804
161 bird 1.211606 0.315488 4.746068
161 bicycle -5.246552 0.456759 17.456804
162 person 4.279054 0.576189 5.991093
162 person 4.271196 0.520878 7.014974
162 person 3.775781 0.564969 7.910114
162 person -5.202933 0.358000 16.874910
162 bird 1.208250 0.315488 4.746068
162 bicycle -5.226800 0.441533 16.874910
163 person 4.414277 0.599835 5.973420
163 person 4.325662 0.528967 6.990757
163 person 3.799671 0.562506 7.798418
163 person -5.208323 0.358000 16.330559
163 bird 1.204894 0.312131 4.746068
163 bicycle -5.231420 0.392645 16.330559
163 person 3.385206 0.642294 7.444813
163 bicycle -5.283850 0.792578 16.243229
164 person 4.395810 0.590544 5.880898
164 person 4.412766 0.549771 6.879918
164 person 3.510654 0.582508 7.354682
164 person -5.214990 0.476103 15.657133
164 person 3.904466 0.440476 7.689833
164 bird 1.211606 0.315488 4.746068
165 person 4.619407 0.521312 6.825807
165 person 4.425568 0.550665 5.725700
165 person 3.538184 0.553001 7.240725
165 person -5.138144 0.362442 15.074362
165 bicycle -5.169941 0.789706 14.889627
165 bird 1.221675 0.312131 4.746068
165 bicycle 4.279434 0.894540 7.808442
165 person 4.063638 0.491743 7.641469
166 person 4.777572 0.514948 6.742473
166 bicycle -5.140948 0.651526 14.395658
166 person 4.571487 0.550974 5.645881
166 person 3.639737 0.525011 7.138623
166 person -5.122547 0.316333 14.429852
166 bicycle 3.894066 0.840408 7.381492
166 bird 1.208250 0.315488 4.746068
167 person 4.606842 0.565892 5.635406
167 person 4.850020 0.586885 6.639309
167 bicycle -5.145436 0.537000 13.806745
167 person -5.135673 0.400309 13.806745
167 bird 1.198181 0.312131 4.746068
167 person 4.195230 0.540978 7.499960
167 bicycle 4.200060 0.778184 7.537181
167 person -11.838595 -0.098382 46.373798
168 person 4.691684 0.573338 5.709556
168 person 4.841746 0.550410 6.596056
168 bicycle -5.143895 0.876158 13.322298
168 person -5.115632 0.395684 13.322298
168 person 3.721564 0.603895 6.942821
168 bird 1.198181 0.305419 4.746068
168 person 4.390649 0.546859 7.435701
168 bicycle 5.248086 0.876616 8.209415
169 person 3.920100 0.610227 6.903372
169 person 4.931421 0.580167 6.511220
169 person -5.129823 0.371595 12.816388
169 bicycle -5.255745 0.895762 12.925464
169 bird 1.208250 0.312131 4.746068
169 person 5.250024 0.497249 8.176269
169 person -11.692872 -0.096902 45.676449
170 person 3.936787 0.635905 6.864370
170 person 4.978414 0.567915 6.476511
170 person 5.655639 0.462734 8.078415
170 bird 1.208250 0.312131 4.746068
170 person 4.697934 0.386275 7.381492
170 person -11.637672 -0.160299 45.335579
171 person 3.925089 0.591580 6.639309
171 person 5.102614 0.534772 6.301834
171 person 5.815865 0.493535 7.930768
171 bird 1.198181 0.312131 4.746068
171 bench 4.101531 0.878058 8.333289
171 person -8.293348 -0.045947 32.486458
171 person 5.404825 0.546054 7.879335
172 bicycle 3.870537 0.833200 8.356215
172 person 4.258845 0.599118 6.567533
172 person 5.161511 0.590531 6.374573
172 bird 1.194825 0.315488 4.746068
173 person 4.323568 0.546764 6.497292
173 bicycle 3.971885 0.713054 8.333289
173 person 5.160604 0.576403 6.367891
173 bird 1.201538 0.318844 4.746068
173 person -7.912531 -0.065755 30.994734
174 person 4.286937 0.561924 6.408194
174 person 5.236172 0.634279 6.361223
174 bicycle 4.072066 0.683589 8.333289
174 person 3.888264 0.384099 8.356215
174 bird 1.198181 0.312131 4.746068
174 person -7.991005 -0.066777 31.476517
175 bicycle 4.148473 0.914670 8.344736
175 person 4.486129 0.602074 6.401441
175 person 4.019408 0.429600 8.321874
175 bird 1.204894 0.315488 4.746068
176 person 4.515962 0.619486 6.347929
176 person 4.125337 0.411945 8.321874
176 bicycle 4.266495 0.914670 8.344736
176 bird 1.204894 0.315488 4.746068
176 car 14.901750 0.570563 23.730343
177 bicycle 4.443325 0.878058 8.333289
177 person 4.749615 0.591478 6.288786
177 person 4.406602 0.407480 8.231664
177 car 16.543065 0.571645 24.495838
177 car 14.695048 0.545524 24.107016
177 bird 1.208250 0.312131 4.746068
177 tennis racket 4.966834 0.910734 6.282283
178 person 4.843401 0.560538 6.192628
178 bicycle 4.599935 0.859200 8.265263
178 person 4.638519 0.417989 8.209415
178 car 16.783968 0.608745 24.595011
178 bird 1.204894 0.315488 4.746068
178 person 4.612055 0.836959 8.276523
179 person 4.807937 0.554598 6.032739
179 bicycle 4.782996 0.817457 8.198337
179 person 4.870332 0.361829 8.121614
179 car 17.218646 0.623613 24.495838
179 bird 1.201538 0.318844 4.746068
180 person 4.830350 0.547072 5.997007
180 bicycle 5.236107 0.911618 8.056987
180 person 5.105391 0.418846 8.003910
180 bird 1.198181 0.315488 4.746068
180 car 5.602029 0.227860 7.858949
180 bicycle 5.178943 0.808746 10.492172
181 person 5.075067 0.574284 6.295303
181 bird 1.204894 0.325556 4.746068
181 bicycle 5.457847 0.867135 8.014469
181 person 5.351653 0.457262 7.982875
181 person 5.432179 0.751800 7.993379
181 person -11.269218 -0.155652 44.021507
182 bird 1.204894 0.328913 4.746068
182 person 6.270425 0.737697 7.670414
182 person 5.628479 0.453375 7.818491
182 bicycle 5.677656 0.889406 7.910114
182 bicycle 9.819429 0.946143 18.080261
183 bird 1.201538 0.332269 4.746068
183 person 5.914468 0.477937 7.680111
183 bicycle 5.875249 0.960802 7.808442
183 car 16.688988 0.583407 24.999866
183 person 10.162176 0.590386 17.763063
183 motorcycle 5.858684 0.938715 7.808442
183 person 6.363045 1.257497 7.631869
184 bird 1.208250 0.322200 4.746068
184 person 6.061188 0.521050 7.518525
184 car 16.821687 0.603855 24.397461
184 bicycle 6.022023 1.056304 7.699579
184 person -10.815105 -0.150210 42.482292
185 bird 1.204894 0.325556 4.746068
185 car 16.910151 0.616159 24.203058
185 bicycle 6.165706 1.140196 7.641469
185 person 6.295129 0.494465 7.518525
186 bird 1.208250 0.325556 4.746068
186 car 16.672572 0.596667 24.107016
186 bicycle 6.376623 1.212798 7.622293
187 bird 1.208250 0.322200 4.746068
187 car 17.115538 0.581928 24.203058
188 bird 1.204894 0.325556 4.746068
188 car 17.252737 0.618624 24.299871
188 person -10.665931 -0.059255 41.896328
188 car 14.207245 0.591969 23.917196
189 bird 1.204894 0.325556 4.746068
189 person -10.695559 0.000000 41.896328
189 car 14.393292 0.541228 23.917196
189 car 12.900863 0.488766 18.188526
190 bird 1.204894 0.325556 4.746068
190 car 14.376379 0.558142 23.917196
190 car 16.482263 0.616159 24.203058
191 bird 1.208250 0.318844 4.746068
191 car 16.482263 0.581928 24.203058
191 car 14.359465 0.558142 23.917196
191 person 13.828158 0.470079 18.464947
192 bird 1.208250 0.325556 4.746068
192 car 16.737217 0.601440 24.299871
192 car 14.325638 0.558142 23.917196
193 bird 1.201538 0.325556 4.746068
193 car 16.960609 0.618624 24.299871
193 car 14.252612 0.555953 23.823402
193 person -8.019200 -0.044062 31.153681
194 bird 1.208250 0.322200 4.746068
194 car 16.874689 0.635808 24.299871
194 car 14.235765 0.555953 23.823402
195 bird 1.208250 0.318844 4.746068
195 car 16.994977 0.618624 24.299871
195 car 14.308725 0.558142 23.917196
195 person 15.738741 0.225407 18.749901
196 bird 1.208250 0.325556 4.746068
196 car 17.149495 0.638361 24.397461
196 car 14.308725 0.558142 23.917196
196 person -10.327471 0.028450 40.231575
196 person 29.405381 0.395035 34.913609
197 bird 1.208250 0.325556 4.746068
197 car 17.114988 0.621108 24.397461
197 car 14.308725 0.558142 23.917196
198 bird 1.208250 0.322200 4.746068
198 car 17.080482 0.621108 24.397461
198 car 14.071938 0.558142 23.917196
199 bird 1.208250 0.318844 4.746068
199 car 16.976964 0.621108 24.397461
199 car 14.291812 0.558142 23.917196
200 bird 1.208250 0.318844 4.746068
200 car 17.080482 0.603855 24.397461
200 car 14.173418 0.558142 23.917196
201 bird 1.208250 0.318844 4.746068
201 car 17.080482 0.603855 24.397461
201 car 14.139591 0.558142 23.917196
202 bird 1.208250 0.318844 4.746068
202 car 17.097735 0.621108 24.397461
202 car 14.088851 0.558142 23.917196
203 bird 1.208250 0.318844 4.746068
203 car 17.080482 0.603855 24.397461
203 car 14.139591 0.558142 23.917196
204 bird 1.208250 0.318844 4.746068
204 car 17.080482 0.621108 24.397461
204 car 14.067294 0.555953 23.823402
205 bird 1.208250 0.322200 4.746068
205 car 16.943425 0.618624 24.299871
205 car 13.983059 0.555953 23.823402
205 person -10.254968 -0.138581 39.193340
206 bird 1.208250 0.322200 4.746068
206 car 16.926241 0.618624 24.299871
206 car 13.966212 0.572800 23.823402
207 person 6.511654 0.552504 7.972399
207 bird 1.208250 0.318844 4.746068
207 car 17.304772 0.638361 24.397461
207 car 13.865129 0.572800 23.823402
207 person -10.216769 -0.027538 38.942101
208 person 6.362573 0.567184 7.941134
208 bird 1.208250 0.318844 4.746068
208 car 16.961498 0.633275 24.203058
208 person -10.114633 -0.054380 38.449162
208 car 13.932518 0.555953 23.823402
