0 person -1.515726 0.580306 6.123960
0 person -0.995534 0.470795 6.934895
0 bicycle -3.186560 0.807426 8.715879
0 person -2.064312 -0.669506 26.298561
0 person -1.776880 -0.809717 31.806114
0 bicycle -1.538930 0.585227 6.130139
0 bicycle -2.868103 0.597009 8.703392
0 person -2.420018 -0.712873 26.528244
0 car 10.410745 -1.661956 22.171415
1 person -1.430572 0.582509 6.056798
1 person -0.817595 0.498297 6.841180
1 bicycle -3.198887 0.782772 8.715879
1 person -1.498185 -0.722017 25.525074
1 car 10.490821 -1.677265 22.375648
1 bicycle -2.892722 0.590854 8.703392
1 bicycle -1.464838 0.595358 6.056798
2 person -0.708768 0.496620 6.818146
2 person -1.322171 0.570266 5.973420
2 bicycle -3.217378 0.788935 8.715879
2 bicycle -2.462637 0.441701 8.556293
2 bicycle -2.896872 0.548557 8.715879
2 car 10.510140 -1.712059 22.416855
2 person -1.619457 0.524315 5.979299
2 bicycle -1.823574 0.500423 5.997007
2 person -1.750891 -0.703966 25.525074
3 person -0.619157 0.523902 6.734998
3 person -1.145320 0.545391 5.932586
3 bicycle -3.211214 0.782772 8.715879
3 bicycle -2.378385 0.731811 9.581968
3 bicycle -2.915363 0.591702 8.715879
3 car 10.372887 -1.671535 22.090792
4 person -0.468913 0.530487 6.697870
4 person -1.021484 0.576644 5.824514
4 bicycle -3.211214 0.782772 8.715879
4 bicycle -2.382884 0.721674 9.627524
4 person -0.802366 -0.179696 5.909502
4 bicycle -2.882517 0.598724 8.728402
4 car 10.525993 -1.712059 22.416855
5 person -0.401147 0.569068 6.596056
5 person -0.921162 0.545262 5.841315
5 bicycle -3.217378 0.776608 8.715879
5 bicycle -2.366180 0.602300 8.690941
5 bicycle -2.882517 0.592552 8.728402
5 backpack -0.922328 0.266450 5.796725
5 car 10.549067 -1.718400 22.499880
6 person -0.865734 0.596213 5.774684
6 person -0.340733 0.566354 6.511220
6 bicycle -3.205050 0.770445 8.715879
6 bicycle -2.376379 0.592552 8.728402
6 person -0.919393 -0.173159 5.830103
6 car 10.433143 -1.683780 22.252628
6 person -2.706728 -1.117457 35.115421
6 bicycle -2.219036 0.649474 9.566878
7 person -0.728750 0.599910 5.693503
7 person -0.187180 0.534147 6.455864
7 bicycle -3.217378 0.782772 8.715879
7 bicycle -2.351924 0.652557 9.612290
7 person -5.567006 -1.042225 35.946556
7 bicycle -2.864000 0.623414 8.728402
7 car 10.588283 -1.708818 22.583523
8 person -0.063644 0.527340 6.428537
8 person -0.574929 0.606870 5.645881
8 bicycle -3.186560 0.764281 8.715879
8 bicycle -2.533159 0.696248 10.474082
8 handbag -0.434021 0.811779 5.682851
8 person -5.382345 -0.913517 34.913609
8 car 10.541845 -1.696207 22.416855
8 bicycle -2.462793 0.672793 8.728402
8 person -0.659386 -0.227788 5.651133
9 person -0.429600 0.584733 5.624970
9 person 0.076553 0.571899 6.367891
9 bicycle -3.217378 0.653337 8.715879
9 person -5.858182 -0.725299 39.447842
9 bicycle -2.414790 0.629350 9.673515
9 person -2.887476 -0.862721 24.897409
10 person -0.248000 0.580000 5.656394
10 person 0.221215 0.544190 6.256403
10 bicycle -3.266686 0.764281 8.715879
10 person -3.018811 -0.406378 20.523540
10 bicycle -2.622041 0.674028 10.474082
10 person -4.913918 -1.353534 41.609367
10 bicycle -2.857828 0.598724 8.728402
11 person -0.206081 0.586539 5.604214
11 person 0.356912 0.587599 6.154983
11 bicycle -3.279013 0.764281 8.715879
11 person -2.452784 -0.566027 20.523540
11 bicycle -2.557463 0.617550 9.492137
11 person -2.989784 -0.406378 20.523540
11 bicycle -2.245560 0.677776 9.681230
11 bicycle -2.831033 0.587223 8.740961
11 person -4.124160 -1.116960 40.499786
12 person -0.152036 0.592552 5.512675
12 person 0.412004 0.575089 6.068899
12 bicycle -3.192723 0.751954 8.715879
12 person -2.989784 -0.377351 20.523540
12 bicycle -2.552212 0.621350 9.447850
12 bicycle -2.452734 0.631765 10.510324
12 person -3.375429 -0.781091 39.447842
12 person -2.458990 -0.506263 20.454437
13 person -0.007671 0.563850 5.424078
13 person 0.481084 0.590806 5.967552
13 bicycle -3.118761 0.677991 8.715879
13 person -4.015258 0.639830 9.232473
13 bicycle -2.428471 0.601987 9.673515
13 person -2.844843 -0.373565 20.317617
13 person -2.056062 -0.451331 23.638006
13 bicycle -4.045186 0.990395 9.094263
14 person 0.596435 0.567239 5.898027
14 person 0.151936 0.558366 5.371324
14 person -3.123888 0.538962 7.399474
14 person -2.768851 -0.342538 20.182617
14 bicycle -2.557463 0.617550 9.492137
14 person -2.072778 -0.401183 23.638006
14 bicycle -2.951966 0.699634 8.678525
14 bicycle -2.449539 0.610523 10.528541
14 person -1.743671 -0.859200 35.735104
14 person -4.995801 -0.894190 27.488543
14 car 12.077723 -1.574690 21.619102
15 person 0.153696 0.551058 5.301019
15 person 0.689330 0.570338 5.802261
15 person -2.976552 0.519468 7.345789
15 person -2.670868 -0.296763 19.983446
15 bicycle -2.411463 0.601316 8.766188
15 person -2.072778 -0.367751 23.638006
15 person -1.863325 -0.828145 36.596191
15 person -4.973297 -0.812757 27.364719
15 bicycle -2.792400 0.687360 8.678525
15 bicycle -2.449539 0.617969 10.528541
15 car 12.077723 -1.574690 21.619102
15 person -2.183681 -0.342538 20.182617
15 car 10.573550 -1.664502 22.416855
16 person 0.199470 0.557778 5.223532
16 person 0.779989 0.565795 5.714927
16 person -2.608286 -0.278961 19.723921
16 bicycle -2.577600 0.606102 9.418554
16 person -2.081908 -0.429600 23.365261
16 person -2.841812 0.476195 7.240725
16 person -1.321846 -0.545262 23.365261
16 person -5.254929 -0.824679 27.120392
16 bicycle -2.452734 0.609467 10.510324
16 person -2.315377 -0.334753 19.723921
16 bicycle -2.791187 0.782746 8.580463
16 car 10.534677 -1.674177 22.334440
16 car 12.050128 -1.569106 21.542439
16 bicycle -2.810900 0.683455 7.266708
17 person 0.279621 0.544717 5.135222
17 person 0.845701 0.551889 5.614573
17 person -2.599004 0.504512 7.206367
17 person -2.572039 -0.264155 19.660089
17 bicycle -2.554562 0.616618 9.581968
17 person -5.284460 -0.855398 26.880388
17 person -1.876414 -0.460874 23.275738
17 person 3.384641 0.401228 4.052680
17 bicycle -2.554102 0.515929 7.223505
17 bicycle -2.437868 0.609467 10.510324
17 car 12.062435 -1.574690 21.619102
17 person -1.053736 -0.470128 22.924406
18 person 3.332248 0.432228 4.129822
18 person 0.944650 0.548759 5.542854
18 person 0.430311 0.533444 5.028947
18 person -2.489033 0.519185 7.197829
18 person -2.508310 -0.291019 19.596670
18 bicycle -2.666483 0.651807 10.474082
18 person -1.925793 -0.460874 23.275738
18 person -1.061933 -0.402247 22.752687
18 person -5.360661 -0.896557 26.412903
18 person -5.752272 -1.116475 34.321854
18 car 12.062435 -1.574690 21.619102
18 bicycle -2.491986 0.489224 7.206367
18 car 10.612711 -1.670667 22.499880
19 person 3.202795 0.422509 4.178107
19 person -2.352451 0.525011 7.138623
19 person 0.608190 0.506239 4.971332
19 person 1.039105 0.500166 5.482823
19 person -2.476357 -0.314675 19.347031
19 person -3.178425 0.656191 7.249365
19 person -1.992821 -0.490038 23.098738
19 bicycle -2.345127 0.638962 9.612290
19 person -5.719955 -1.255011 34.129032
19 person -5.351483 -0.759207 26.185205
19 car 10.404131 -1.655913 22.090792
19 car 11.989192 -1.569106 21.542439
20 person 3.092511 0.429600 4.308488
20 person 0.724163 0.493270 4.947042
20 person 1.204882 0.523527 5.443520
20 person -2.351924 -0.407848 19.224581
20 person -1.921895 -0.436060 22.838224
20 person -2.240954 0.457235 7.105226
20 person -5.499621 -0.759207 26.185205
20 person -2.812184 0.546421 6.661149
20 person -5.868360 -1.312334 35.014515
20 bicycle -2.475031 0.683792 10.510324
20 car 11.989192 -1.569106 21.542439
20 car 10.366435 -1.649913 22.010754
20 person -0.897672 -0.320597 22.667789
20 bicycle -1.958247 0.526247 7.155439
21 person 2.948360 0.471358 4.473467
21 person 0.834276 0.508874 4.895220
21 person 1.320679 0.519922 5.366580
21 person -5.623519 -0.626884 26.072823
21 person -2.090218 0.562751 7.105226
21 person -2.464477 -0.484815 19.043787
21 person -2.671619 0.255991 6.581764
21 person -1.938045 -0.468361 22.838224
21 person -2.262470 -0.377078 19.043787
21 bicycle -2.191975 0.683301 9.566878
21 car 12.047146 -1.574690 21.619102
21 bicycle -2.107757 0.588562 7.113545
21 car 12.795943 -1.657029 21.696314
21 car 10.344520 -1.643957 21.931292
22 person 2.869466 0.508305 4.637380
22 person 0.903524 0.494381 4.821403
22 person 1.441962 0.515520 5.282581
22 person -2.558344 0.408051 6.483423
22 person -1.900461 -0.431197 22.583523
22 person -2.161425 -0.429600 18.984274
22 person -4.699492 -1.281680 33.563358
22 person -5.752271 -0.582508 25.741388
22 car 12.062435 -1.589979 21.619102
22 person -1.911546 0.567490 7.039360
22 tennis racket 3.179040 0.518825 4.673052
22 car 12.795943 -1.687714 21.696314
22 person -5.703729 -1.189288 34.321854
22 bicycle -1.608479 0.519352 7.130244
22 car 10.350870 -1.649913 22.010754
22 person -0.912703 -0.346198 22.252628
22 bicycle -2.000808 0.593756 7.055712
22 bicycle -2.788739 0.878727 8.629215
22 bicycle -2.474719 0.681243 6.553363
22 person -2.424075 -0.511749 19.043787
22 person -5.035867 -1.145600 33.749821
23 person 0.946914 0.485086 4.698351
23 person 2.735052 0.519185 4.798553
23 person 1.508210 0.512570 5.214565
23 person -2.366905 0.501656 6.449010
23 person -1.715434 0.568516 6.990757
23 person -2.154650 -0.292607 18.807949
23 person -4.802832 -1.230876 34.129032
23 person -1.863706 -0.379059 22.334440
23 person -5.999587 -1.234483 34.913609
23 person -0.840522 -0.326870 22.010754
23 car 10.557698 -1.680354 22.416855
23 car 12.031858 -1.605267 21.619102
24 person 2.627277 0.510762 4.947042
24 person 1.013116 0.454603 4.591813
24 person 1.565153 0.497508 5.135222
24 person -2.276205 0.521818 6.361223
24 person -2.134822 -0.303092 18.634871
24 person -1.694752 0.660165 6.966706
24 person -4.797200 -1.288800 33.749821
24 person -1.863706 -0.347471 22.334440
24 person -0.803568 -0.293612 21.852402
24 person -1.677205 -0.245205 6.934895
24 car 12.519772 -1.641686 21.696314
24 person -1.932262 0.511205 6.632061
25 person 2.552435 0.514082 5.083655
25 person 1.173089 0.447500 4.520065
25 person -2.107975 0.555901 6.288786
25 person 1.649294 0.480896 5.037287
25 person -2.082909 -0.208291 18.408993
25 person -4.692913 -1.237435 33.016129
25 person -1.501656 0.607466 6.872136
25 person -0.769893 -0.261763 21.774078
25 person -1.854731 -0.364605 22.416855
25 person -1.501421 -0.217948 6.848893
25 bicycle -2.183578 0.547006 6.288786
25 person -6.029045 -1.269273 34.516861
26 person 2.407083 0.576965 5.196722
26 person -2.032849 0.540322 6.262853
26 person -1.333409 0.504271 6.856623
26 person 1.189324 0.436190 4.437522
26 person -2.025442 -0.206414 18.243147
26 person 1.835081 0.470262 4.999973
26 person -0.731234 -0.289447 21.542439
26 bicycle -2.368137 0.853863 9.433180
26 person -4.786304 -1.284130 33.016129
26 bicycle -3.728247 0.731771 8.920657
26 bicycle -1.616412 0.529183 6.802876
26 bicycle -2.063852 0.531464 6.262853
27 person -1.226736 0.523666 6.856623
27 person 1.216893 0.448652 4.345470
27 person 2.335904 0.548974 5.210093
27 person -1.999640 -0.206414 18.243147
27 person 1.822860 0.518841 4.891278
27 person -1.943951 0.491473 6.205278
27 person -0.716000 -0.335149 21.542439
27 bicycle -3.689581 0.714936 9.026698
27 bicycle -1.615752 0.489478 6.720097
27 person -1.548108 -0.296721 18.243147
27 person -4.762957 -1.260783 33.016129
27 person 1.816872 -0.006935 4.903121
27 person -4.021788 -0.754085 32.313660
27 car 12.031858 -1.589979 21.619102
28 person 1.973655 0.484104 4.787209
28 person 1.260360 0.437084 4.233427
28 person -1.078816 0.621283 6.810502
28 person -1.761794 0.468655 6.136331
28 person -1.944639 -0.177941 17.973278
28 person -0.665577 -0.317662 21.390732
28 person -1.533381 -0.278796 17.920259
28 bicycle -3.737909 0.746284 9.176688
28 bicycle -1.399919 0.450599 6.186322
28 person -1.042169 -0.231069 6.668461
28 person -2.004800 -1.301818 36.817986
28 car 12.004426 -1.553872 21.542439
28 car 10.612711 -1.702489 22.499880
29 person -0.959947 0.617788 6.720097
29 person 2.107913 0.464342 4.723925
29 person 1.404908 0.409281 4.104708
29 person -1.692879 0.480642 6.014820
29 person -1.758597 -0.200982 17.763063
29 person -0.660923 -0.255357 21.241146
29 bicycle -1.338672 0.415601 6.186322
29 bicycle -3.342035 0.796024 8.933776
29 person -0.972326 -0.233732 6.610411
29 person -6.133733 -1.241067 33.749821
29 car 12.062435 -1.574690 21.619102
30 person -0.889150 0.599007 6.617612
30 person 1.715102 0.610180 5.830103
30 person 2.143107 0.446888 4.612732
30 person 1.520607 0.408735 4.041895
30 person -0.564872 -0.282436 21.020649
30 person -1.546053 0.464661 5.973420
30 bicycle -1.300505 0.442172 6.130139
30 bicycle -3.241444 0.783919 8.797931
30 person -6.981000 -1.369350 37.968548
30 person -4.969427 -1.161081 32.837662
30 bicycle -1.599395 0.481084 5.967552
30 person -1.469684 -0.339158 17.763063
30 car 11.989192 -1.569106 21.542439
31 person 1.658105 0.644819 5.921021
31 person -0.706821 0.592077 6.490350
31 person 1.711531 0.403555 4.047280
31 person -1.448749 0.527579 5.921021
31 person -0.548110 -0.251834 20.948164
31 person 2.231480 0.423821 4.540335
31 bicycle -3.200335 0.687112 8.753556
31 person -0.607192 -0.232833 6.455864
31 person -4.969427 -1.161081 32.837662
31 person -5.912774 -1.154839 32.661118
32 person -0.508617 0.581277 6.421742
32 person 1.771283 0.403727 4.020495
32 person -1.389151 0.485166 5.863869
32 person 1.620084 0.636919 6.044744
32 person 2.345591 0.411116 4.506653
32 bicycle -3.192723 0.776608 8.715879
32 person -0.426658 -0.279534 20.804684
32 skateboard 1.712567 1.195880 5.892306
32 bicycle -2.878382 0.597865 8.715879
32 person -5.197923 -1.163006 33.563358
32 bicycle -2.491921 0.464596 8.532258
33 person -0.341881 0.629780 6.361223
33 person 1.362359 0.609362 6.154983
33 person 2.214044 0.437148 4.447268
33 person -1.198120 0.508791 5.802261
33 bicycle -3.192723 0.776608 8.715879
33 person -0.647282 -0.133003 6.269317
33 handbag -1.336979 0.770871 5.677540
33 person -0.395877 -0.410539 20.733679
33 person -0.386460 -0.197724 6.354569
33 bicycle -2.915363 0.591702 8.715879
33 bicycle -2.419517 0.512865 8.532258
34 person 1.168017 0.628251 6.256403
34 person 2.391141 0.427432 4.379933
34 person -0.257139 0.607381 6.269317
34 person -1.033164 0.449202 5.774684
34 bicycle -3.212768 0.775496 8.703392
34 handbag -1.133011 0.786813 5.563157
34 bicycle -2.319975 0.701388 9.536841
34 person -1.687287 -0.251298 16.921915
34 person -1.368000 -0.324000 16.969183
34 bicycle -2.921527 0.591702 8.715879
35 person 1.071758 0.654714 6.341302
35 person -0.126481 0.614960 6.167480
35 person 2.460874 0.421176 4.254179
35 person -0.879369 0.540530 5.704195
35 bicycle -3.217378 0.764281 8.715879
35 person -3.119389 -0.273631 38.694061
35 bicycle -2.337729 0.664051 9.581968
35 bicycle -2.843396 0.611948 8.740961
35 bicycle -2.465423 0.671828 8.715879
36 person 0.047446 0.590916 6.099365
36 person 0.970210 0.640790 6.381269
36 person 2.501096 0.397233 4.160937
36 person -0.813186 0.571213 5.609388
36 person -2.864000 -0.302923 38.942101
36 bicycle -3.223541 0.764281 8.715879
36 bicycle -2.382552 0.592552 8.728402
36 bicycle -2.236088 0.691155 9.581968
36 person 2.767362 0.058569 4.141082
36 person 2.769906 0.388140 4.158089
36 bicycle -2.828922 0.619020 8.753556
36 person -5.352770 -1.240556 32.486458
36 person -6.596590 -1.150295 33.196545
37 person 2.609210 0.385060 4.063524
37 person -0.734127 0.594293 5.492738
37 person 0.154193 0.595358 6.056798
37 person 0.685001 0.616955 6.414961
37 bicycle -3.229705 0.770445 8.715879
37 bicycle -2.389418 0.569499 8.753556
37 bicycle -2.246720 0.565084 9.627524
37 bicycle -2.835113 0.612830 8.753556
37 person -1.179968 -0.103104 16.199915
37 person -7.134877 -1.205895 35.526127
37 person -7.065285 -1.466945 42.334785
37 person -0.527092 -0.079262 5.604214
38 person 2.814621 0.368893 4.107483
38 person -0.582509 0.498198 5.419240
38 person 0.311119 0.609452 6.026754
38 person 0.581655 0.668674 6.476511
38 bicycle -3.229705 0.770445 8.715879
38 bicycle -2.463583 0.597232 9.597105
38 person -0.073963 -0.065745 5.810587
38 person -5.438554 -1.028298 32.313660
38 bicycle -2.816542 0.606640 8.753556
38 car 12.004426 -1.569106 21.542439
39 person 0.326645 0.570595 5.846937
39 person 2.957576 0.365798 4.009880
39 person -0.378502 0.442848 5.352395
39 bicycle -3.223541 0.770445 8.715879
39 bicycle -2.574932 0.613714 9.433180
39 bicycle -2.430436 0.631765 10.510324
39 person -5.449137 -1.017474 31.973515
39 car 12.004426 -1.569106 21.542439
39 person -0.243878 -0.300157 26.528244
40 person 16.276395 2.011859 21.390732
40 person 0.412999 0.570910 5.725700
40 person 0.102619 0.634371 6.596056
40 person -0.330173 0.502763 5.305649
40 bicycle -3.229705 0.782772 8.715879
40 bicycle -2.569570 0.635701 9.462566
40 bicycle -2.436869 0.740690 10.474082
40 person -0.560511 -0.101569 5.319586
40 handbag -0.414463 0.742430 5.096449
40 person -6.628774 -1.108645 32.661118
41 person 0.507745 0.555346 5.609388
41 person -0.140489 0.502802 5.228027
41 bicycle -3.229705 0.782772 8.715879
41 person -2.112787 -0.323961 19.917927
41 bicycle -2.558893 0.648075 9.447850
41 bicycle -2.436869 0.748097 10.474082
41 person -0.366641 -0.092586 5.237041
41 bicycle -2.816542 0.619020 8.753556
41 person -6.603958 -1.096851 32.313660
42 person 0.705024 0.542326 5.477879
42 person -0.105580 0.484210 5.148278
42 bicycle -3.229705 0.782772 8.715879
42 bicycle -2.566877 0.650097 9.477329
42 bicycle -2.436869 0.740690 10.474082
42 person -0.433541 -0.061309 6.192628
42 person -5.461405 -1.051149 32.313660
42 person -6.754139 -1.102717 32.486458
42 bicycle -2.822732 0.619020 8.753556
42 person -0.291008 -0.018188 5.143919
42 handbag -0.393169 0.728625 5.100729
43 person 0.824255 0.535576 5.371324
43 person 0.014404 0.457328 5.092177
43 person -0.532330 0.630391 6.603226
43 bicycle -3.206613 0.781650 8.703392
43 bicycle -2.582953 0.629009 9.462566
43 person -2.051615 -0.358000 19.471050
43 bicycle -2.425281 0.732021 10.456055
43 bicycle -2.837215 0.618130 8.740961
43 person -5.705270 -1.022857 32.142685
44 person 0.934726 0.542141 5.287178
44 person 0.138695 0.430311 5.028947
44 person -0.621166 0.654358 6.705263
44 bicycle -3.217378 0.776608 8.715879
44 bicycle -2.467481 0.604975 9.612290
44 person -0.744784 -0.086352 15.263738
44 person -5.765684 -1.040084 31.973515
44 person -8.500107 -1.125690 32.486458
44 bicycle -2.837215 0.605767 8.740961
44 person -6.937925 -1.102717 32.486458
44 person -0.068408 -0.273631 19.347031
45 person 0.993064 0.527451 5.143919
45 person -0.686597 0.605541 6.742473
45 person 0.337493 0.400773 4.971332
45 bicycle -3.223541 0.776608 8.715879
45 bicycle -2.572213 0.619486 9.521894
45 person -0.756864 -0.031980 15.074362
45 bicycle -2.452734 0.646630 10.510324
45 person 0.008546 -0.034186 4.028493
45 person -5.881155 -1.102717 32.486458
45 handbag 0.228761 0.746838 4.757218
46 person 1.119305 0.501022 5.024787
46 person 0.423404 0.406192 4.867763
46 person -0.970981 0.596798 6.697870
46 bicycle -3.229705 0.770445 8.715879
46 bicycle -2.353974 0.600883 8.759872
46 person -1.901944 -0.332508 18.807949
46 person 0.014067 -0.030947 3.978368
46 person -0.601651 0.042221 14.926210
46 bicycle -2.250611 0.595147 9.673515
46 person -5.955301 -1.022857 32.142685
47 person 0.502042 0.424546 4.764680
47 person -1.228800 0.633600 6.787673
47 person 1.233920 0.489373 4.943017
47 person -1.910798 -0.289914 18.634871
47 person 0.092815 -0.159111 18.749901
47 person -0.542214 0.052136 14.745068
47 bicycle -3.229705 0.770445 8.715879
47 bicycle -2.409951 0.554720 8.715879
47 bicycle -2.837215 0.587223 8.740961
47 bicycle -2.246098 0.717128 9.566878
47 bicycle -1.254201 0.643920 6.795266
47 handbag 1.342062 0.840979 4.955112
47 person -0.836204 0.000000 14.780944
48 person 0.596667 0.417667 4.687475
48 person 1.274412 0.469340 4.844472
48 person -1.398135 0.575703 6.841180
48 person -0.495692 -0.030981 14.603288
48 person -1.854201 -0.300328 18.464947
48 person 0.210202 -0.170789 18.577883
48 bicycle -3.225077 0.769341 8.703392
48 person -1.106156 -0.102898 18.188526
48 bicycle -2.404295 0.500386 8.629215
48 bicycle -2.884545 0.567047 8.715879
48 bicycle -1.467279 0.490697 6.802876
49 person 1.410576 0.473575 4.783439
49 person 0.737664 0.376956 4.595286
49 person -0.451131 0.000000 14.498730
49 person -1.509145 0.588229 6.818146
49 bicycle -3.235868 0.795099 8.715879
49 person -1.817039 -0.324471 18.353376
49 person 0.248854 -0.209561 18.521244
49 person -1.093293 -0.141485 18.188526
49 person -5.946569 -1.062695 31.973515
50 person 1.446243 0.463455 4.648024
50 person 0.875111 0.359591 4.499976
50 person -1.806126 -0.322523 18.243147
50 person 0.312436 -0.182255 18.408993
50 bicycle -3.272850 0.825917 8.715879
50 person -0.384113 -0.101082 14.294042
50 person -1.028982 -0.154347 18.188526
50 person -1.655650 0.550274 6.825807
50 person -6.018875 -0.962125 31.640457
50 person -7.259551 -1.033797 32.486458
50 bicycle -2.192441 0.777724 10.474082
50 person -4.611882 -0.884471 29.779253
50 person -6.546286 -0.977397 32.142685
51 person 1.518497 0.435687 4.530177
51 person 0.920794 0.345298 4.398963
51 person -1.759193 -0.280451 18.026611
51 person 0.322523 -0.141910 18.243147
51 person -0.390545 -0.020028 14.160764
51 person -0.991385 -0.139811 17.973278
51 person -1.986900 0.595582 6.903372
51 person -6.254798 -0.979399 31.476517
51 bicycle -3.319356 0.815931 8.740961
51 person -7.500952 -1.091048 32.142685
51 bicycle -1.590393 0.455783 6.856623
51 person -1.338516 -0.216712 18.026611
51 bicycle -2.008392 0.573127 6.926987
52 person 0.973598 0.359014 4.302385
52 person 1.661866 0.425562 4.392601
52 person -2.150461 0.580674 6.958726
52 person -1.705765 -0.341153 17.867552
52 person -0.187641 -0.049379 13.965444
52 person -0.967228 -0.113053 17.763063
52 person 0.397540 -0.141063 18.134232
52 bicycle -2.448497 0.697451 10.492172
52 person -6.159061 -1.008245 30.994734
52 bicycle -3.663305 0.733926 8.946934
52 bicycle -2.140619 0.546227 6.958726
52 person -7.506695 -1.017474 31.973515
53 person 1.043611 0.352812 4.192524
53 person 1.832879 0.417117 4.305434
53 person -0.214313 0.019483 13.775437
53 person -2.263378 0.589166 6.942821
53 person -1.690846 -0.338169 17.711277
53 bicycle -2.583505 0.656948 10.438089
53 person -0.983722 -0.074713 17.608603
53 person 0.432142 -0.088970 17.973278
53 person -6.193219 -0.981320 30.837400
53 person 0.097859 -0.029358 13.838196
53 bicycle -3.764536 0.746580 8.946934
53 person -7.637333 -1.000127 32.142685
53 bicycle -2.256137 0.580009 6.950764
54 person 1.137516 0.329129 4.082640
54 person 1.957898 0.413135 4.233427
54 person -1.701017 -0.235908 17.557711
54 person -0.164486 0.048378 13.682360
54 person 0.466135 -0.100786 17.815155
54 bicycle -2.698864 0.635897 10.456055
54 person -0.968462 -0.099329 17.557711
54 person -2.537202 0.556706 6.966706
54 bicycle -2.669551 0.751429 6.990757
54 person -6.193219 -0.981320 30.837400
54 person -7.710190 -1.062695 31.973515
55 person 1.266697 0.308881 4.007235
55 person 2.026086 0.412184 4.104708
55 person -1.617172 -0.320966 17.456804
55 person -0.133653 0.066827 13.499928
55 person -0.910900 -0.098476 17.406784
55 bicycle -2.543073 0.650708 9.389441
55 person -2.572662 0.582676 6.982722
55 person 0.512023 -0.099907 17.659790
55 person 0.124383 -0.095679 13.529995
55 bicycle -2.415571 0.631765 10.510324
55 person -6.186240 -1.009560 30.374840
55 bicycle -2.634481 0.743443 7.055712
56 person 8.511851 1.683134 22.667789
56 person 2.179296 0.398305 4.023158
56 person -0.065947 0.084789 13.322298
56 person -1.566632 -0.232547 17.307600
56 person -0.854318 -0.061023 17.258430
56 person 0.560348 -0.087165 17.608603
56 bicycle -2.420369 0.637591 8.753556
56 person -2.850710 0.598051 7.047526
56 person -6.207720 -0.966600 30.374840
56 bicycle -2.419758 0.632860 10.528541
56 person -1.220455 -0.158659 17.258430
56 bicycle -2.890673 0.625146 7.072139
57 person 31.159595 5.818633 76.898323
57 person 12.511158 1.944505 21.315676
57 person -1.524777 -0.181521 17.112585
57 person 0.000000 0.102286 13.149281
57 person -3.081801 0.648259 7.275411
57 person -0.808517 -0.084472 17.064516
57 bicycle -2.392866 0.626113 8.766188
57 person 0.603163 0.000000 17.406784
57 bicycle -2.872218 0.690319 8.715879
57 person -6.103723 -0.978297 30.074099
57 bicycle -2.423003 0.639197 10.510324
57 bicycle -3.140171 0.721114 7.232104
57 person -5.553366 -0.943024 29.633989
58 person 33.652001 6.223692 77.884201
58 person 13.115704 1.927887 21.466318
58 person 0.091795 0.055077 12.980700
58 person -1.483855 -0.191465 16.921915
58 person -0.804000 -0.060000 16.969183
58 bicycle -2.572255 0.621350 9.447850
58 bicycle -3.149578 0.788935 8.715879
58 person 0.697641 -0.220308 17.307600
58 bicycle -2.434648 0.632860 10.528541
58 person -6.094818 -0.994640 29.925949
58 person -1.092000 -0.132000 16.969183
58 person 0.433288 0.027657 13.036411
58 person -8.843362 -1.028298 32.313660
59 person 14.161458 2.009914 21.696314
59 person 37.321500 5.960700 75.937096
59 person 0.181649 0.072660 12.843484
59 person -1.412221 -0.201746 16.781679
59 bicycle -3.198887 0.776608 8.715879
59 bicycle -2.453886 0.618570 9.612290
59 person -0.723912 -0.059337 16.781679
59 person -5.860078 -0.855029 29.490135
59 person 0.776678 -0.303390 17.160927
59 person -9.001143 -1.022857 32.142685
59 person -7.924228 -1.135212 31.476517
60 person 12.108355 1.686578 22.499880
60 person 14.809099 1.981606 21.390732
60 person 0.259550 0.107400 12.656183
60 person -1.353534 -0.200088 16.643747
60 bicycle -3.231232 0.750877 8.703392
60 person -0.694422 -0.047079 16.643747
60 bicycle -2.460684 0.604975 9.612290
60 person -10.203000 -1.526211 39.966892
60 person -5.873275 -0.871652 29.347670
60 person -6.348769 -0.952315 29.925949
61 person 16.452436 2.085739 22.010754
61 person 21.426964 2.651852 37.499802
61 person 0.352854 0.141142 12.474266
61 person -1.338862 -0.232846 16.463327
61 bicycle -3.242032 0.677991 8.715879
61 bicycle -2.584313 0.610838 9.492137
61 person -0.688761 -0.023348 16.508064
61 person -5.823015 -0.875488 28.791317
61 bicycle -2.451665 0.633409 10.537680
61 person -10.327471 -1.507868 40.231575
62 person 21.788695 2.623904 36.377052
62 person 43.190144 4.717929 54.240784
62 person 0.374702 0.174280 12.322450
62 person -0.660032 -0.069477 16.374577
62 bicycle -3.198887 0.764281 8.715879
62 person -1.308485 -0.185272 16.374577
62 bicycle -2.569632 0.617509 9.389441
62 person -6.034857 -0.900114 28.928417
62 bicycle -2.438875 0.626500 10.546819
62 person -10.060955 -1.524387 39.193340
62 person -9.322763 -0.974351 31.314266
62 person 0.583838 0.034856 12.322450
63 person 13.725873 1.584340 21.542439
63 person 0.420168 0.162922 12.125684
63 person -0.594128 -0.079979 16.156830
63 person 48.123462 4.874308 58.413151
63 bicycle -3.217378 0.770445 8.715879
63 person -1.294528 -0.240576 16.199915
63 bicycle -2.582995 0.613714 9.536841
63 person -6.062579 -0.802991 28.387699
63 bicycle -2.450588 0.635061 10.565162
63 person -10.126286 -1.562182 39.447842
63 person -4.725600 -1.503600 37.968548
63 bicycle -2.876345 0.617241 8.728402
64 person 14.768456 1.635843 21.619102
64 person 0.524315 0.160677 11.958598
64 person -0.555420 -0.034005 16.028938
64 person -6.057954 -0.712700 27.995243
64 bicycle -3.211214 0.776608 8.715879
64 bicycle -2.474278 0.604975 9.612290
64 person -1.206488 -0.191685 15.944798
64 person -4.779300 -1.476750 37.968548
64 bicycle -2.870173 0.629586 8.728402
64 car 50.735763 -4.725600 60.749680
64 person -10.526623 -1.593219 40.231575
64 person -9.459879 -1.019758 30.681656
65 person 46.865457 4.296000 61.363312
65 person 0.600606 0.166835 11.796054
65 person -0.517319 -0.022492 15.903057
65 person -1.197063 -0.167813 15.820229
65 bicycle -3.223541 0.776608 8.715879
65 person -6.137143 -0.692903 27.995243
65 bicycle -2.490730 0.617592 9.597105
65 person -4.890415 -1.486038 38.207344
65 person -10.626947 -1.582737 39.966892
65 bicycle -2.826966 0.623414 8.728402
65 car 44.884251 -4.833000 63.280914
66 person 49.798533 4.120653 61.989468
66 person 0.666621 0.189287 11.637869
66 person -0.466233 -0.022202 15.697591
66 person -1.129361 -0.166082 15.657133
66 bicycle -3.217378 0.776608 8.715879
66 bicycle -2.582953 0.629009 9.462566
66 person -6.227230 -0.709431 27.866825
66 bicycle -2.433658 0.741969 10.492172
66 person -4.940400 -1.423050 37.968548
66 bicycle -2.833138 0.617241 8.728402
66 person -7.882952 -1.167845 29.490135
67 person 0.699727 0.203409 11.505621
67 person -0.428501 0.021974 15.537002
67 person -1.131683 -0.087898 15.537002
67 person 18.433746 2.437004 22.090792
67 bicycle -3.223541 0.776608 8.715879
67 person -5.052528 -1.486038 38.207344
67 bicycle -2.586910 0.618464 9.403975
67 bicycle -2.437868 0.743253 10.510324
67 person -6.325762 -0.807963 27.866825
67 bicycle -2.814621 0.611069 8.728402
67 person -8.002353 -1.158235 29.779253
68 person 0.788404 0.185034 11.376344
68 person -1.087595 -0.054380 15.379665
68 person -0.381624 0.021807 15.418700
68 person -5.079547 -1.432000 38.207344
68 bicycle -3.217378 0.770445 8.715879
68 bicycle -2.460684 0.625367 9.612290
68 person -6.375343 -0.784658 27.739578
68 person -7.888123 -1.118002 29.277122
68 bicycle -2.833138 0.604897 8.728402
69 person 0.841730 0.174699 11.229146
69 person -1.065925 -0.086135 15.225483
69 person -0.313025 -0.075558 15.263738
69 bicycle -3.223541 0.776608 8.715879
69 person -5.038519 -1.405482 37.499802
69 bicycle -2.582912 0.630788 9.389441
69 bicycle -2.429462 0.740690 10.474082
69 person -6.361604 -0.814596 27.426632
69 bicycle -2.808448 0.611069 8.728402
69 person -10.712104 -1.506390 39.447842
70 person 0.920015 0.210512 11.025350
70 person -1.042099 -0.127604 15.037049
70 person -0.213731 -0.042746 15.111860
70 bicycle -3.218923 0.775496 8.703392
70 person -5.139387 -1.396859 37.269741
70 bicycle -2.578926 0.629815 9.374950
70 person -6.562239 -0.768550 27.866825
70 bicycle -2.425281 0.739415 10.456055
70 bicycle -2.826966 0.611069 8.728402
70 person -7.513096 -1.000438 27.739578
71 person 1.002657 0.254521 10.906585
71 person -1.034418 -0.137219 14.926210
71 person -0.179882 -0.042325 14.962975
71 bicycle -3.223541 0.776608 8.715879
71 person -5.134244 -1.414537 37.042488
71 bicycle -2.530114 0.704870 10.492172
71 person -6.642889 -0.855222 28.124851
71 bicycle -2.513222 0.575689 8.753556
72 person 1.064562 0.279353 10.676569
72 person -0.094073 0.010453 14.780944
72 person -1.013898 -0.073168 14.780944
72 bicycle -3.229705 0.776608 8.715879
72 bicycle -2.443223 0.631166 9.597105
72 person -5.291415 -1.440732 37.042488
72 bicycle -2.820793 0.604897 8.728402
72 person -1.400642 -0.459912 14.780944
73 person -0.041608 0.020804 14.709365
73 person 1.180466 0.283910 10.565162
73 person -0.942014 -0.103518 14.638476
73 bicycle -3.225077 0.781650 8.703392
73 bicycle -2.515275 0.712290 10.492172
73 person 1.166815 0.063644 14.999921
73 person -5.337455 -1.405964 36.817986
73 person -0.618729 -0.197467 6.205278
73 bicycle -2.515787 0.587223 8.740961
73 person 0.933913 0.156897 10.565162
73 person -6.702556 -0.994444 28.124851
74 person 1.265260 0.257466 10.402342
74 person 0.051388 -0.010278 14.533416
74 person -0.928589 -0.061226 14.429852
74 bicycle -3.223541 0.776608 8.715879
74 bicycle -2.470370 0.637953 9.597105
74 person -5.324982 -1.337677 36.377052
74 bicycle 1.255754 0.308431 10.384561
74 bicycle -2.802276 0.617241 8.728402
74 person -6.793675 -0.939126 28.255665
74 person -1.469957 -0.445128 14.638476
75 person 1.342951 0.288807 10.210030
75 person 0.111981 0.030540 14.395658
75 person -0.929958 -0.080866 14.294042
75 bicycle -3.242032 0.770445 8.715879
75 bicycle -2.522694 0.697451 10.492172
75 person 1.290916 0.169300 14.962975
75 bicycle -2.513222 0.581879 8.753556
75 person -6.991132 -0.932151 28.655508
75 person -5.512338 -1.319855 36.596191
76 person 1.401179 0.291616 10.057894
76 person 0.171035 0.040244 14.227091
76 person -0.879181 -0.089916 14.127832
76 person 1.400642 0.094073 14.780944
76 bicycle -3.242032 0.776608 8.715879
76 bicycle -2.572296 0.623185 9.374950
76 bicycle -2.422055 0.718469 10.474082
76 person -5.556503 -1.286228 36.377052
76 person -9.883609 -1.291608 39.705673
77 person 1.408753 0.334753 9.861960
77 person 0.219285 0.069773 14.095053
77 person -0.839448 -0.049379 13.965444
77 person 1.438901 0.041407 14.638476
77 bicycle -3.229705 0.770445 8.715879
77 bicycle -2.515275 0.690031 10.492172
77 person -10.287526 -1.321861 40.635689
77 person -5.649891 -1.301818 36.817986
77 bicycle -2.509606 0.568679 8.740961
78 person 1.535269 0.330462 9.735525
78 person -0.804274 -0.039233 13.869789
78 person 0.246330 0.049266 13.933413
78 person 1.479962 0.010278 14.533416
78 bicycle -3.217378 0.770445 8.715879
78 bicycle -2.531439 0.699868 10.528541
78 person -9.986805 -1.311117 39.447842
78 bicycle -2.497243 0.574860 8.740961
78 person -5.659401 -1.311952 36.377052
78 person -4.575622 -1.194746 35.946556
79 person 1.605099 0.303485 9.536841
79 person -0.785499 -0.019395 13.713245
79 person 0.244091 0.039055 13.806745
79 person 1.479620 0.051021 14.429852
79 bicycle -3.223541 0.770445 8.715879
79 bicycle -2.518345 0.688841 10.474082
79 person -6.881204 -0.893416 26.880388
79 bicycle -2.503425 0.581042 8.740961
79 person -4.665727 -1.223797 36.053539
80 person 1.679889 0.305434 9.389441
80 person -0.747964 -0.067125 13.560196
80 person 0.338649 0.106432 13.682360
80 person 1.509134 0.080487 14.227091
80 bicycle -3.235868 0.770445 8.715879
80 bicycle -2.530114 0.675192 10.492172
80 person -4.819903 -1.257366 37.042488
80 person -7.173138 -0.985321 27.866825
80 bicycle -2.488461 0.557118 8.753556
81 person 1.698873 0.390545 9.204496
81 person -0.681304 -0.047313 13.380986
81 person 0.372320 0.095467 13.499928
81 person 1.554933 0.089708 14.095053
81 bicycle -3.223541 0.776608 8.715879
81 bicycle -2.519626 0.698657 10.510324
81 bicycle -2.513222 0.575689 8.753556
81 person -6.034857 -1.278571 36.160522
81 person -4.829823 -1.169326 35.946556
81 person -7.324977 -0.989862 27.995243
82 person 1.791062 0.395181 9.013306
82 person 0.442789 0.065947 13.322298
82 person 1.609766 0.088883 13.965444
82 person -0.636444 -0.046797 13.235224
82 bicycle -3.225077 0.775496 8.703392
82 bicycle -2.549713 0.630788 9.389441
82 bicycle -2.429462 0.733283 10.474082
82 person -7.453061 -0.999070 28.255665
82 person -4.877224 -1.187718 35.735104
82 bicycle -2.808448 0.623414 8.728402
83 person 0.502130 0.092987 13.149281
83 person -0.655948 -0.046194 13.064446
83 person 1.859088 0.395684 8.881532
83 person 1.637973 0.098082 13.869789
83 bicycle -3.229705 0.770445 8.715879
83 bicycle -2.450009 0.631166 9.597105
83 person -4.982344 -1.143905 35.946556
83 person -6.166024 -1.263529 35.735104
83 bicycle -2.820793 0.629586 8.728402
83 skateboard 1.657118 1.256908 8.842748
84 person 1.950483 0.382690 8.728402
84 person 1.681466 0.136072 13.744271
84 person 0.533550 0.128788 13.008496
84 person -0.659514 -0.018320 12.953023
84 bicycle -3.217378 0.770445 8.715879
84 bicycle -2.444159 0.639975 9.627524
84 person -7.572949 -0.939126 28.255665
84 skateboard 1.739599 1.240790 8.817080
84 person -5.180471 -1.212988 35.735104
84 bicycle -2.839310 0.635759 8.728402
84 person -6.241835 -1.238259 35.735104
85 person 2.020935 0.423549 8.556293
85 person 0.601987 0.136815 12.898021
85 person 1.678125 0.153429 13.560196
85 person -0.595664 0.027076 12.762537
85 bicycle -3.218923 0.769341 8.703392
85 person -6.329610 -1.347266 35.946556
85 bicycle -2.530114 0.682611 10.492172
85 bicycle -2.503425 0.574860 8.740961
85 person -12.502462 -1.432000 38.942101
85 person -5.261965 -1.271006 35.946556
85 person -7.513005 -0.939126 28.255665
86 person 2.008750 0.450339 8.379266
86 person 0.630440 0.144101 12.735782
86 person 1.707020 0.151735 13.410525
86 person -0.454556 -0.017826 12.603667
86 bicycle -3.218923 0.775496 8.703392
86 bicycle -2.426696 0.618570 9.612290
86 person -6.319116 -1.248837 35.319580
86 bicycle -2.802276 0.611069 8.728402
86 person -7.632893 -0.939126 28.255665
87 person 2.009046 0.434232 8.187288
87 person 0.649292 0.151205 12.577573
87 person -0.388140 -0.052928 12.474266
87 person 1.814285 0.122206 13.293146
87 bicycle -3.225077 0.769341 8.703392
87 bicycle -2.527059 0.661495 10.510324
87 bicycle -2.763509 0.640632 8.881532
87 person -6.519812 -1.314071 35.735104
87 person -5.426526 -1.180772 35.526127
88 person 2.162225 0.438135 8.046315
88 person -0.358000 -0.026195 12.347495
88 person 0.679244 0.141142 12.474266
88 person 1.929007 0.121145 13.177804
88 bicycle -3.218923 0.769341 8.703392
88 bicycle -2.430542 0.605933 9.627524
88 bicycle -2.769790 0.640632 8.881532
88 person -6.531930 -1.256140 35.526127
88 person -5.476772 -1.105404 35.526127
89 person 2.231472 0.445181 7.869129
89 person -0.283536 0.008592 12.149936
89 person 0.676945 0.156218 12.272662
89 person 1.935966 0.184378 13.036411
89 bicycle -3.218923 0.769341 8.703392
89 bicycle -2.430542 0.619550 9.627524
89 person -6.668791 -1.148930 35.319580
89 bicycle -2.814621 0.604897 8.728402
90 person -0.229687 0.042535 12.029639
90 person 2.293024 0.481590 7.738812
90 person 0.694563 0.171497 12.125684
90 person 1.984170 0.191136 12.870694
90 bicycle -3.223541 0.770445 8.715879
90 bicycle -2.434400 0.606895 9.642806
90 person -6.843628 -1.223861 35.319580
90 bicycle -2.826966 0.611069 8.728402
90 person -2.466004 -1.271939 36.707088
91 person 2.323891 0.538333 7.537181
91 person -0.175177 0.066734 11.796054
91 person 0.718819 0.211417 11.958598
91 person 2.017409 0.144101 12.735782
91 bicycle -3.229705 0.770445 8.715879
91 bicycle -2.445100 0.607860 9.658136
91 bicycle -2.769790 0.653193 8.881532
91 person -6.878567 -1.241619 35.115421
91 person 0.219012 0.143200 11.911701
92 person -0.132439 0.057942 11.705140
92 person 2.400553 0.531142 7.363597
92 person 2.076697 0.178257 12.603667
92 person 0.718786 0.200591 11.819003
92 bicycle -3.229705 0.764281 8.715879
92 person -7.034386 -1.256140 35.526127
92 bicycle -2.460684 0.591380 9.612290
92 person -5.851449 -0.987586 34.913609
92 bicycle -2.796104 0.611069 8.728402
92 person -7.857158 -1.017474 26.644596
93 person -0.089670 0.105973 11.527453
93 person 2.537851 0.499416 7.206367
93 person 0.751800 0.181754 11.682631
93 person 2.112787 0.211279 12.448705
93 bicycle -3.229705 0.770445 8.715879
93 bicycle -2.467481 0.604975 9.612290
93 person -7.093396 -1.248837 35.319580
93 person -5.984601 -0.968462 35.115421
93 person -7.025971 -0.994640 29.925949
93 bicycle -2.802276 0.617241 8.728402
94 person 2.594467 0.505995 7.014974
94 person -0.088660 0.120901 11.397688
94 person 0.812098 0.186783 11.483871
94 person 2.148000 0.227024 12.347495
94 bicycle -3.229705 0.764281 8.715879
94 bicycle -2.483943 0.597232 9.597105
94 person -6.048966 -1.036966 34.913609
94 person -6.989015 -0.876299 30.223721
94 person -6.990102 -1.116475 34.321854
94 person -7.696239 -0.877481 25.850927
94 bicycle -2.775402 0.611948 8.740961
95 person 2.698956 0.548529 6.864370
95 person -0.039778 0.159111 11.249940
95 person 2.221178 0.206621 12.174284
95 person 0.809507 0.232433 11.333895
95 bicycle -3.229705 0.770445 8.715879
95 bicycle -2.580302 0.594415 9.551836
95 bicycle -2.461250 0.626500 10.546819
95 person -7.019148 -1.009443 33.196545
95 person -6.208093 -1.092624 35.115421
95 person -2.685000 -1.147227 34.516861
96 person 2.670231 0.571855 6.683133
96 person 0.000000 0.172153 11.065516
96 person 0.837088 0.268500 11.167220
96 person 2.284381 0.221619 12.053508
96 bicycle -3.229705 0.770445 8.715879
96 bicycle -2.576251 0.600226 9.536841
96 bicycle -2.468708 0.626500 10.546819
96 person -6.144000 -0.984000 33.938366
96 person -6.918821 -1.017474 31.973515
96 person -2.782636 -1.196045 34.516861
96 bicycle -2.824852 0.611948 8.740961
97 person 2.681550 0.561148 6.504248
97 person 0.863870 0.287957 11.005377
97 person 0.092886 0.170292 10.945888
97 person 2.363222 0.126601 11.935103
97 bicycle -3.223541 0.764281 8.715879
97 bicycle -2.576251 0.600226 9.536841
97 person -2.733818 -1.122818 34.516861
97 bicycle -2.468708 0.619042 10.546819
97 person -6.369931 -1.012276 34.913609
97 person -6.864508 -0.931936 32.142685
97 skateboard 2.194420 0.692086 11.935103
97 bicycle -2.824852 0.611948 8.740961
98 person 2.864000 0.526868 6.367891
98 person 0.168471 0.130182 10.828819
98 person 0.876107 0.261295 10.867563
98 person 2.435790 0.225227 11.796054
98 bicycle -2.582995 0.593482 9.536841
98 bicycle -3.235868 0.764281 8.715879
98 person -2.791187 -1.140746 34.321854
98 person -6.905089 -1.057131 31.806114
98 bicycle -2.468708 0.619042 10.546819
98 person -6.194785 -0.996862 33.563358
99 person 0.218568 0.150737 10.657838
99 person 2.926897 0.583624 6.205278
99 person 2.447816 0.246424 11.615617
99 person 0.968113 0.264718 10.695366
99 bicycle -2.568188 0.591624 9.506991
99 bicycle -3.223541 0.764281 8.715879
99 person -6.236129 -1.016258 32.661118
99 bicycle -2.464430 0.617969 10.528541
99 person -7.129532 -1.074000 32.313660
99 person -2.667297 -1.085802 33.378944
99 person -8.208103 -1.042009 25.850927
99 person -6.626809 -1.005447 32.313660
99 bicycle -2.831033 0.599586 8.740961
100 person 3.027412 0.593441 6.081049
100 person 0.923231 0.335043 10.528541
100 person 2.473455 0.244091 11.505621
100 person 0.266648 0.170359 10.474082
100 person -6.318984 -0.977397 32.142685
100 bicycle -2.568188 0.598347 9.506991
100 bicycle -3.223541 0.764281 8.715879
100 bicycle -2.456985 0.617969 10.528541
100 person -7.430919 -0.975308 32.837662
100 bicycle -2.843396 0.611948 8.740961
100 person -2.658298 -1.068066 33.563358
100 person -8.317788 -1.042009 25.850927
101 person 3.033451 0.600023 5.892306
101 person 0.299042 0.160462 10.314037
101 person 0.993633 0.336082 10.331578
101 person 2.537450 0.256957 11.355080
101 bicycle -3.223541 0.758118 8.715879
101 bicycle -2.481076 0.577785 9.612290
101 person -6.287375 -1.074000 31.640457
101 person -7.652984 -1.079869 33.196545
101 bicycle -2.855758 0.618130 8.740961
101 backpack 0.313630 -0.218812 10.314037
102 person 0.345407 0.158312 10.175825
102 person 3.118130 0.588935 5.704195
102 person 1.018044 0.303247 10.210030
102 person 2.564895 0.254107 11.229146
102 person -6.387770 -0.944670 31.806114
102 bicycle -3.217378 0.764281 8.715879
102 bicycle -2.477156 0.597232 9.597105
102 person -8.172276 -1.061655 34.913609
102 skateboard 3.380327 0.754321 5.704195
102 bicycle -2.857828 0.611069 8.728402
102 tennis racket 3.422237 0.776678 5.720309
102 person -8.464035 -0.950604 25.850927
102 person -7.465180 -0.915541 33.196545
103 person 3.243598 0.541909 5.552987
103 person 1.088225 0.320066 10.057894
103 person 2.605771 0.281705 11.065516
103 person 0.248529 0.205924 10.041269
103 person -6.398779 -0.859200 31.973515
103 bicycle -3.229705 0.764281 8.715879
103 bicycle -2.490730 0.597232 9.597105
103 person -7.903691 -0.996862 33.563358
103 bicycle -2.793945 0.605767 8.740961
103 person -2.577600 -1.044973 32.837662
103 person -7.298581 -0.854581 32.661118
104 person 3.314057 0.540836 5.424078
104 person 1.124644 0.363239 9.877996
104 person 0.174919 0.209902 9.894084
104 person 2.662746 0.263178 10.945888
104 bicycle -3.229705 0.764281 8.715879
104 bicycle -2.591025 0.604125 9.492137
104 bicycle -2.456985 0.617969 10.528541
104 person -6.252817 -0.944670 31.806114
104 person -8.369794 -1.185104 34.913609
105 person 3.383938 0.558406 5.264270
105 person 0.185885 0.234077 9.735525
105 person 2.721310 0.259900 10.809551
105 person 1.194096 0.398032 9.704421
105 bicycle -3.217378 0.764281 8.715879
105 bicycle -2.586983 0.609885 9.477329
105 bicycle -2.449539 0.625414 10.528541
105 person -5.831876 -0.912622 31.476517
105 person -8.420160 -1.202880 34.714100
105 person -6.823059 -0.918930 32.486458
105 person -2.527059 -1.102717 32.486458
106 person 3.349362 0.523902 5.109308
106 person 0.222906 0.249925 9.551836
106 person 2.785983 0.271803 10.676569
106 person 1.209094 0.391774 9.551836
106 bicycle -3.229705 0.770445 8.715879
106 bicycle -2.580281 0.603183 9.477329
106 bicycle -2.456985 0.617969 10.528541
106 person -8.616833 -1.266451 35.115421
106 person -6.878171 -0.891192 32.313660
106 person -5.646804 -0.907918 31.314266
107 person 3.410299 0.495156 4.930980
107 person 0.252315 0.252315 9.389441
107 person 2.861510 0.306323 10.565162
107 person 1.228377 0.371833 9.389441
107 bicycle -3.223541 0.770445 8.715879
107 bicycle -2.569570 0.615626 9.462566
107 bicycle -2.456985 0.632860 10.528541
107 person -9.807690 -1.464247 39.067719
107 person -7.059373 -0.835978 32.837662
107 person -5.624660 -0.841485 31.314266
108 person 3.556359 0.459321 4.775918
108 person 0.399476 0.248854 9.260622
108 person 2.871344 0.367180 10.384561
108 person 1.288800 0.364509 9.204496
108 bicycle -3.212768 0.769341 8.703392
108 bicycle -2.580281 0.629991 9.477329
108 bicycle -2.445301 0.639197 10.510324
108 person -7.167658 -0.895957 32.486458
108 person -10.185219 -1.479417 40.231575
108 person -5.529723 -0.881231 31.153681
108 bicycle -2.818671 0.618130 8.740961
108 person -2.719277 -1.051149 32.313660
109 person 0.527353 0.308695 9.094263
109 person 3.652095 0.462291 4.669460
109 person 1.333684 0.429600 9.067116
109 person 2.936323 0.354384 10.227219
109 bicycle -3.218923 0.769341 8.703392
109 bicycle -2.577600 0.624263 9.492137
109 bicycle -2.456985 0.640305 10.528541
109 person -10.236785 -1.474551 40.099236
109 person -7.344775 -0.877677 32.661118
109 bicycle -2.843396 0.611948 8.740961
110 person 3.630377 0.463042 4.547132
110 person 0.568588 0.322200 8.933776
110 person 1.331509 0.471053 8.881532
110 person 2.966456 0.300220 10.108099
110 bicycle -3.229705 0.764281 8.715879
110 bicycle -2.586983 0.603183 9.477329
110 bicycle -2.445301 0.631765 10.510324
111 person 0.605767 0.352334 8.740961
111 person 1.394966 0.481448 8.728402
111 person 3.000157 0.331003 9.958963
111 person 3.587834 0.579694 4.431049
111 bicycle -3.218923 0.763186 8.703392
111 bicycle -2.562992 0.597589 9.389441
111 bicycle -2.437868 0.624332 10.510324
111 person -7.586554 -0.959745 32.313660
112 person 0.618915 0.333729 8.580463
112 person 1.434026 0.437499 8.592600
112 person 3.082519 0.362649 9.861960
112 bicycle -3.212768 0.763186 8.703392
112 bicycle -2.562992 0.604229 9.389441
112 bicycle -2.437868 0.624332 10.510324
112 person -8.614852 -1.188255 32.313660
112 person -5.150702 -1.012147 31.806114
112 person -7.737420 -0.970065 32.661118
113 person 0.674233 0.334133 8.437455
113 person 1.503600 0.471367 8.437455
113 person 3.076402 0.390545 9.688944
113 bicycle -3.229705 0.764281 8.715879
113 bicycle -2.564279 0.606102 9.418554
113 bicycle -2.445301 0.624332 10.510324
113 person -5.000635 -1.045587 32.142685
113 person -8.614852 -1.188255 32.313660
113 bicycle -2.808448 0.598724 8.728402
114 person 1.543053 0.508506 8.265263
114 person 0.661373 0.362877 8.276523
114 person 3.161208 0.385019 9.551836
114 bicycle -3.229705 0.770445 8.715879
114 person -4.886984 -1.045587 32.142685
114 bicycle -2.562992 0.624148 9.389441
114 bicycle -2.423003 0.631765 10.510324
114 person -8.659832 -1.107916 31.973515
114 person -7.773714 -0.977397 32.142685
114 bicycle -2.818671 0.605767 8.740961
115 person 1.571567 0.493266 8.110771
115 person 0.615357 0.373815 8.132487
115 person 3.218675 0.352458 9.403975
115 bicycle -3.229705 0.770445 8.715879
115 bicycle -2.399065 0.576520 8.766188
115 person -4.824385 -1.148663 32.486458
115 bicycle -2.430436 0.631765 10.510324
115 person -2.399362 -1.074000 32.313660
115 bicycle -2.824852 0.599586 8.740961
115 person -7.994695 -1.010824 32.486458
115 person -8.843362 -1.211106 32.313660
116 person 0.635403 0.427351 7.951529
116 person 1.613812 0.506073 7.951529
116 person 3.279390 0.373850 9.274760
116 person -4.659682 -1.000127 32.142685
116 bicycle -3.229705 0.770445 8.715879
116 bicycle -2.515275 0.675192 10.492172
116 person -2.399362 -1.074000 32.313660
116 person -8.004127 -1.107916 31.973515
116 bicycle -2.494651 0.557118 8.753556
116 person -8.771000 -1.074000 31.640457
116 person -4.249807 -1.016258 32.661118
117 person 1.610311 0.556991 7.798418
117 person 0.719662 0.455969 7.768501
117 person 3.333438 0.432830 9.135290
117 bicycle -3.229705 0.776608 8.715879
117 person -4.523301 -1.022857 32.142685
117 bicycle -2.556353 0.624148 9.389441
117 person -2.409397 -1.045587 32.142685
117 bicycle -2.243771 0.670395 9.673515
117 person -8.160127 -1.113778 32.142685
117 bicycle -2.826966 0.604897 8.728402
117 person -8.908548 -1.085305 31.973515
118 person 1.597508 0.550492 7.631869
118 person 0.802135 0.436060 7.612741
118 person 3.377239 0.430867 8.960130
118 bicycle -3.242032 0.776608 8.715879
118 bicycle -2.530114 0.682611 10.492172
118 person -4.363832 -1.062695 31.973515
118 person -2.374105 -1.062695 31.973515
118 person -9.780830 -1.242868 38.207344
118 bicycle -2.482271 0.569499 8.753556
118 person -9.137524 -1.068317 32.142685
119 person 0.900518 0.391990 7.490713
119 person 3.430574 0.429600 8.804301
119 person 1.593848 0.601651 7.463105
119 bicycle -3.229705 0.770445 8.715879
119 person -4.341702 -1.051149 32.313660
119 bicycle -2.544953 0.660352 10.492172
119 person -2.328884 -1.062695 31.973515
119 person -8.022123 -1.052082 30.994734
119 bicycle -2.864000 0.611069 8.728402
119 bicycle -2.456621 0.654276 8.728402
120 person 0.947190 0.460655 7.319238
120 person 3.509322 0.405631 8.690941
120 person 1.598153 0.621789 7.266708
120 bicycle -3.218923 0.769341 8.703392
120 person -4.181134 -1.102717 32.486458
120 bicycle -2.354538 0.619615 9.735525
120 person -2.295746 -1.068317 32.142685
120 person -8.346571 -1.048901 31.558487
120 bicycle -2.888690 0.617241 8.728402
120 handbag 3.320194 0.871474 8.678525
121 person 1.000715 0.500358 7.147021
121 person 1.601557 0.619470 7.121885
121 person 3.564894 0.422954 8.544258
121 bicycle -3.229705 0.776608 8.715879
121 bicycle -2.413101 0.611772 9.612290
121 person -2.215832 -1.085305 31.973515
121 person -8.326268 -1.062928 31.314266
121 person -4.259730 -1.258556 34.225441
121 bicycle -2.876345 0.611069 8.728402
121 skateboard 3.552810 1.226565 8.544258
122 person 3.678895 0.462829 8.390840
122 person 1.647375 0.616533 6.974705
122 person 0.966723 0.493226 6.974705
122 bicycle -3.223541 0.770445 8.715879
122 bicycle -2.426696 0.604975 9.612290
122 person -2.215832 -1.062695 31.973515
122 bicycle -2.888690 0.604897 8.728402
122 skateboard 1.576195 1.432000 7.031213
123 person 1.036633 0.486976 6.818146
123 person 3.636424 0.472793 8.254032
123 person 1.674141 0.591722 6.802876
123 bicycle -3.235868 0.770445 8.715879
123 bicycle -2.525752 0.674028 10.474082
123 person -2.170611 -1.062695 31.973515
123 person -8.461819 -0.954667 30.681656
123 bicycle -2.864000 0.617241 8.728402
124 person 1.098757 0.462138 6.668461
124 person 1.669625 0.633144 6.632061
124 person 3.723200 0.475424 8.099957
124 bicycle -3.229705 0.770445 8.715879
124 bicycle -2.403309 0.612742 9.627524
124 person -2.170611 -1.040084 31.973515
124 bicycle -2.864000 0.611069 8.728402
124 person -8.548386 -0.937706 30.837400
125 person 1.737554 0.652153 6.449010
125 person 1.038391 0.477844 6.497292
125 person 3.862459 0.427911 7.961950
125 bicycle -3.235868 0.764281 8.715879
125 bicycle -2.406304 0.604975 9.612290
125 person -2.114262 -1.012147 31.806114
125 bicycle -2.864000 0.598724 8.728402
125 person -11.152530 -1.394066 40.231575
125 handbag 3.668683 0.890566 7.920427
126 person 1.057201 0.537560 6.334690
126 person 3.953205 0.497606 7.818491
126 person 1.830354 0.599752 6.282283
126 bicycle -3.229705 0.764281 8.715879
126 bicycle -2.413101 0.584582 9.612290
126 bicycle -2.769790 0.628070 8.881532
126 person -2.125625 -1.006875 31.640457
127 person 3.987208 0.536323 7.660741
127 person 1.101204 0.544073 6.154983
127 person 1.802246 0.635324 6.111638
127 bicycle -3.235868 0.758118 8.715879
127 bicycle -2.413101 0.604975 9.612290
127 bicycle -2.855758 0.593404 8.740961
127 person -2.159246 -1.034639 31.806114
127 person -3.674892 -1.216337 36.596191
128 person 1.820625 0.671646 5.973420
128 person 1.138546 0.516367 5.985190
128 person 4.062637 0.514459 7.499960
128 bicycle -3.223541 0.758118 8.715879
128 bicycle -2.410117 0.605933 9.627524
128 person -2.170611 -1.040084 31.973515
128 bicycle -2.864000 0.598724 8.728402
128 person -8.720881 -1.009560 30.374840
128 person -3.427146 -1.134337 34.129032
129 person 1.861053 0.647679 5.796725
129 person 4.066602 0.432728 7.372534
129 person 1.259885 0.512215 5.841315
129 bicycle -3.225077 0.670865 8.703392
129 bicycle -2.426696 0.584582 9.612290
129 bicycle -3.676024 0.882997 8.855639
130 person 1.877009 0.645596 5.635406
130 person 4.101426 0.496677 7.240725
130 person 1.306080 0.486264 5.682851
130 bicycle -3.229705 0.665664 8.715879
130 bicycle -2.413101 0.604975 9.612290
130 person -3.088476 -1.044973 32.837662
131 person 4.255757 0.523166 7.113545
131 person 1.928340 0.606494 5.497708
131 person 1.348608 0.512080 5.527723
131 bicycle -3.242032 0.677991 8.715879
131 bicycle -2.433494 0.591380 9.612290
131 bicycle -3.659093 0.880430 8.829895
132 person 1.366393 0.484483 5.352395
132 person 4.256587 0.537000 6.966706
132 person 1.961953 0.597606 5.314932
132 bicycle -3.231232 0.664711 8.703392
132 bicycle -2.433494 0.591380 9.612290
132 person -2.306274 -1.062695 31.973515
133 person 1.967327 0.598593 5.161400
133 person 1.366077 0.443151 5.179001
133 person 4.291168 0.555726 6.833485
133 bicycle -3.242032 0.671828 8.715879
133 bicycle -2.430542 0.599125 9.627524
133 person -2.328884 -1.062695 31.973515
134 person 2.006452 0.587427 5.004092
134 person 1.418960 0.412530 5.028947
134 person 4.381446 0.512672 6.712672
134 bicycle -3.242032 0.671828 8.715879
134 bicycle -2.403309 0.612742 9.627524
134 person -2.193221 -1.040084 31.973515
134 handbag 4.186820 0.939898 6.712672
134 bicycle -3.641312 0.879152 8.817080
135 person 1.449253 0.379566 4.879492
135 person 2.076172 0.537000 4.836758
135 person 4.491696 0.610386 6.588902
135 bicycle -3.242032 0.671828 8.715879
135 person -2.215832 -1.040084 31.973515
135 bicycle -2.406304 0.611772 9.612290
136 person 1.407426 0.392069 4.738665
136 person 4.587873 0.620229 6.449010
136 person 2.186209 0.524956 4.698351
136 bicycle -3.260522 0.671828 8.715879
136 bicycle -2.410117 0.605933 9.627524
136 person -2.136754 -1.057131 31.806114
136 bicycle -2.845483 0.586379 8.728402
137 person 1.398471 0.389366 4.588344
137 person 2.199372 0.504090 4.540335
137 person 4.606983 0.595309 6.282283
137 bicycle -3.254359 0.677991 8.715879
137 bicycle -2.403309 0.599125 9.627524
137 person -2.159365 -1.045587 32.142685
138 person 1.397831 0.375861 4.392601
138 person 2.214689 0.499391 4.386258
138 person 4.653637 0.545178 6.167480
138 bicycle -3.242032 0.665664 8.715879
138 bicycle -2.389693 0.599125 9.627524
138 bicycle -3.647547 0.879152 8.817080
138 handbag 4.500779 0.984682 6.161225
139 person 1.432000 0.326544 4.236379
139 person 2.286437 0.476341 4.209957
139 person 4.732012 0.542878 6.044744
139 bicycle -3.229705 0.764281 8.715879
139 bicycle -2.534491 0.654062 10.510324
139 person -2.021647 -1.079743 32.486458
139 bicycle -2.874302 0.599586 8.740961
139 handbag 4.588714 1.015888 6.087142
140 person 1.542970 0.289488 4.093644
140 person 2.316555 0.449481 4.074425
140 person 4.751954 0.539614 5.915256
140 bicycle -3.242032 0.671828 8.715879
140 bicycle -2.396501 0.605933 9.627524
140 person -2.067594 -1.079743 32.486458
141 person 1.634009 0.294518 4.004593
141 person 2.420560 0.440615 3.994062
141 person 4.694768 0.587874 5.813366
141 bicycle -3.248195 0.671828 8.715879
141 bicycle -2.426696 0.591380 9.612290
141 bicycle -2.855758 0.581042 8.740961
141 person -2.079447 -1.051149 32.313660
142 person 2.530714 0.451913 3.994062
142 person 24.410916 4.296000 56.775398
142 bicycle -3.254359 0.653337 8.715879
142 bicycle -2.419899 0.591380 9.612290
142 person -2.091175 -1.068317 32.142685
142 bicycle -3.636035 0.877878 8.804301
142 person 4.795441 0.669981 5.741936
143 person 14.385550 2.374902 21.390732
143 person 10.310400 1.718400 22.090792
143 bicycle -3.254359 0.671828 8.715879
143 bicycle -2.433494 0.591380 9.612290
143 person -2.125149 -1.074000 32.313660
143 bicycle -2.833138 0.586379 8.728402
143 person 4.639027 0.420616 5.774684
144 person 15.993179 2.426863 21.315676
144 person 19.223240 2.718987 38.449162
144 bicycle -3.254359 0.665664 8.715879
144 bicycle -2.447089 0.584582 9.612290
144 person -2.113905 -1.045587 32.142685
144 bicycle -2.845483 0.586379 8.728402
